0 [ -5.784084, -21.390156, 3.7566428 ] [87, 41, 85]
1 [ -6.936684, 9.577645, -4.0990577 ] [60, 2, 59, 4, 28]
2 [ -5.5413837, 7.7275457, 1.3301425 ] [1, 60, 28, 23, 33, 30]
3 [ -5.480784, 10.214644, 5.091243 ] [31, 33, 35]
4 [ -6.3906837, 13.672345, -0.9142575 ] [1, 6, 72, 35]
5 [ -6.026684, 21.679745, 0.08664274 ] [6, 76, 36, 78]
6 [ -5.480784, 18.767944, 1.7244425 ] [4, 5, 35, 36, 115]
7 [ -5.0560837, -7.3166547, -6.191857 ] [41, 16, 15, 9, 89, 161]
8 [ -5.167234, -3.445013, -5.167234 ] [10, 43, 47, 98, 97, 130, 178, 196, 195, 185, 186, 165, 120, 88, 89, 42, 9, 21, 22, 61, 27, 26, 25, 24, 23, 11, 12, 13, 14, 15, 16, 17, 30, 29, 44]
9 [ -3.875425, -3.445013, -5.167234 ] [7, 8, 42, 91, 44, 98, 97, 130, 178, 196, 195, 185, 186, 165, 120, 88, 89, 21, 22, 61, 43]
10 [ -5.167234, -3.445013, -3.875425 ] [8, 43, 47, 11, 46, 27, 26, 25, 24, 23, 21, 12, 13, 14, 15, 16, 17, 30, 29]
11 [ -5.167234, -3.445013, -2.583617 ] [8, 10, 12, 46, 48, 47, 27, 26, 25, 24, 23, 21, 13, 14, 15, 16, 17, 30, 29]
12 [ -5.167234, -3.445013, -1.291808 ] [8, 10, 11, 46, 48, 27, 26, 25, 24, 23, 21, 13, 14, 15, 16, 17, 30, 29, 49]
13 [ -5.167234, -3.445013, 7.012311E-9 ] [8, 10, 11, 12, 14, 49, 51, 27, 26, 25, 24, 23, 21, 15, 16, 17, 30, 29, 48, 20]
14 [ -5.167234, -3.445013, 1.291808 ] [8, 10, 11, 12, 13, 49, 51, 27, 26, 25, 24, 23, 21, 15, 16, 17, 30, 29, 50]
15 [ -5.167234, -3.445013, 2.583617 ] [7, 8, 10, 11, 12, 13, 14, 16, 50, 52, 27, 26, 25, 24, 23, 21, 17, 30, 29, 51, 58]
16 [ -5.167234, -3.445013, 3.875425 ] [7, 8, 10, 11, 12, 13, 14, 15, 50, 52, 27, 26, 25, 24, 23, 21, 17, 30, 29, 54]
17 [ -5.167234, -3.445013, 5.167234 ] [8, 10, 11, 12, 13, 14, 15, 16, 18, 54, 55, 149, 106, 107, 70, 32, 30, 56, 96, 95, 126, 176, 194, 193, 201, 202, 182, 27, 26, 25, 24, 23, 21, 29, 52]
18 [ -3.875425, -3.445013, 5.167234 ] [17, 54, 55, 149, 106, 107, 70, 32, 30, 56, 96, 95, 126, 176, 194, 193, 201, 202, 182, 93]
19 [ -4.299184, 1.9445457, -10.230957 ] [21, 22, 164]
20 [ -4.085484, 1.1760454, 0.11694288 ] [13, 27, 57, 58]
21 [ -5.167234, 4.91918, -5.167234 ] [8, 9, 10, 11, 12, 13, 14, 15, 16, 17, 19, 98, 97, 130, 178, 196, 195, 185, 186, 165, 120, 88, 89, 42, 22, 61, 27, 26, 25, 24, 23, 30, 29, 63, 62, 101, 60]
22 [ -3.875425, 4.91918, -5.167234 ] [8, 9, 19, 21, 98, 97, 130, 178, 196, 195, 185, 186, 165, 120, 88, 89, 42, 61, 62, 101, 100]
23 [ -5.167234, 4.91918, -3.875425 ] [2, 8, 10, 11, 12, 13, 14, 15, 16, 17, 21, 27, 26, 25, 24, 30, 29, 63, 62, 28]
24 [ -5.167234, 4.91918, -2.583617 ] [8, 10, 11, 12, 13, 14, 15, 16, 17, 21, 23, 27, 26, 25, 30, 29, 64, 63]
25 [ -5.167234, 4.91918, -1.291808 ] [8, 10, 11, 12, 13, 14, 15, 16, 17, 21, 23, 24, 27, 26, 30, 29, 65, 64, 63]
26 [ -5.167234, 4.91918, 7.012311E-9 ] [8, 10, 11, 12, 13, 14, 15, 16, 17, 21, 23, 24, 25, 27, 30, 29, 66, 65, 64]
27 [ -5.167234, 4.91918, 1.291808 ] [8, 10, 11, 12, 13, 14, 15, 16, 17, 20, 21, 23, 24, 25, 26, 30, 29, 67, 66, 65, 28]
28 [ -5.2986836, 6.514245, 1.0875425 ] [1, 2, 27, 60, 23, 30, 33]
29 [ -5.167234, 4.91918, 2.583617 ] [8, 10, 11, 12, 13, 14, 15, 16, 17, 21, 23, 24, 25, 26, 27, 30, 68, 67, 66]
30 [ -5.167234, 4.91918, 3.875425 ] [2, 8, 10, 11, 12, 13, 14, 15, 16, 17, 18, 21, 23, 24, 25, 26, 27, 28, 29, 32, 69, 68, 67, 56, 57, 70, 95, 96, 104, 106, 107, 126, 149, 176, 182, 194, 201, 202]
31 [ -5.0560837, 10.639245, 3.5140426 ] [3, 33, 35, 59]
32 [ -3.875425, 4.91918, 5.167234 ] [17, 18, 30, 149, 106, 107, 70, 56, 96, 95, 126, 176, 194, 193, 201, 202, 182, 103, 104, 69]
33 [ -4.5707836, 8.849746, 5.182243 ] [2, 3, 28, 31, 69, 112, 57, 59, 60, 148, 150, 181]
34 [ -3.751884, 15.401246, -5.736857 ] [71, 109, 108]
35 [ -4.752884, 15.583245, 4.4542427 ] [3, 4, 6, 31, 74, 115, 108]
36 [ -4.388784, 22.316647, 1.8154426 ] [5, 6, 78]
37 [ -2.071184, -38.618053, -3.8357577 ] [79, 83, 38]
38 [ -2.900184, -41.529854, -3.2757573 ] [37, 79]
39 [ -2.1442838, -38.618053, 2.5434427 ] [80, 82, 83]
40 [ -2.6935837, -26.243053, -5.545857 ] [116]
41 [ -2.077617, -12.573691, 2.077617 ] [0, 7, 53, 45, 162, 174, 163, 85, 87, 167]
42 [ -2.583617, -3.445013, -5.167234 ] [8, 9, 21, 22, 91, 44, 98, 97, 130, 178, 196, 195, 185, 186, 165, 120, 88, 89, 61, 92, 132]
43 [ -2.398786, -5.8074102, -2.398786 ] [8, 9, 10, 47, 44, 122, 166, 169, 168, 170, 172, 173, 175, 124, 125, 94, 93, 55, 54, 52, 50, 51, 49, 48, 46, 91, 92, 90, 123, 121]
44 [ -1.799089, -5.8074102, -2.398786 ] [8, 9, 42, 43, 91, 122, 166, 169, 168, 170, 172, 173, 175, 124, 125, 94, 93, 55, 54, 52, 50, 51, 49, 48, 46, 47, 92, 90, 123, 121]
45 [ -2.077617, -6.018597, -2.077617 ] [41, 53, 167, 162, 174]
46 [ -2.398786, -5.8074102, -1.199393 ] [10, 11, 12, 43, 44, 48, 47, 122, 166, 169, 168, 170, 172, 173, 175, 124, 125, 94, 93, 55, 54, 52, 50, 51, 49, 91, 92, 90, 123, 121]
47 [ -2.398786, -5.8074102, -1.799089 ] [8, 10, 11, 43, 44, 46, 122, 166, 169, 168, 170, 172, 173, 175, 124, 125, 94, 93, 55, 54, 52, 50, 51, 49, 48, 91, 92, 90, 123, 121]
48 [ -2.398786, -5.8074102, -0.599697 ] [11, 12, 13, 43, 44, 46, 47, 49, 122, 166, 169, 168, 170, 172, 173, 175, 124, 125, 94, 93, 55, 54, 52, 50, 51, 91, 92, 90, 123, 121]
49 [ -2.398786, -5.8074102, 7.012311E-9 ] [12, 13, 14, 43, 44, 46, 47, 48, 51, 122, 166, 169, 168, 170, 172, 173, 175, 124, 125, 94, 93, 55, 54, 52, 50, 91, 92, 90, 123, 121]
50 [ -2.398786, -5.8074102, 1.199393 ] [14, 15, 16, 43, 44, 46, 47, 48, 49, 52, 51, 122, 166, 169, 168, 170, 172, 173, 175, 124, 125, 94, 93, 55, 54, 91, 92, 90, 123, 121]
51 [ -2.398786, -5.8074102, 0.599697 ] [13, 14, 15, 43, 44, 46, 47, 48, 49, 50, 122, 166, 169, 168, 170, 172, 173, 175, 124, 125, 94, 93, 55, 54, 52, 91, 92, 90, 123, 121]
52 [ -2.398786, -5.8074102, 1.799089 ] [15, 16, 17, 43, 44, 46, 47, 48, 49, 50, 51, 54, 122, 166, 169, 168, 170, 172, 173, 175, 124, 125, 94, 93, 55, 91, 92, 90, 123, 121]
53 [ -2.077617, -6.018597, 2.077617 ] [41, 45, 174, 163, 167]
54 [ -2.398786, -5.8074102, 2.398786 ] [16, 17, 18, 43, 44, 46, 47, 48, 49, 50, 51, 52, 55, 122, 166, 169, 168, 170, 172, 173, 175, 124, 125, 94, 93, 91, 92, 90, 123, 121]
55 [ -1.799089, -5.8074102, 2.398786 ] [17, 18, 43, 44, 46, 47, 48, 49, 50, 51, 52, 54, 56, 93, 122, 166, 169, 168, 170, 172, 173, 175, 124, 125, 94, 91, 92, 90, 123, 121]
56 [ -2.583617, -3.445013, 5.167234 ] [17, 18, 32, 55, 96, 93, 94, 149, 106, 107, 70, 30, 95, 126, 176, 194, 193, 201, 202, 182, 58]
57 [ -2.8721838, 2.1466455, 3.2713428 ] [20, 30, 58, 33, 128, 148]
58 [ -2.8721838, -1.0077543, 3.2713428 ] [20, 57, 56, 128, 95, 15]
59 [ -2.9328837, 10.396646, -6.0098577 ] [1, 71, 31, 33, 60, 131]
60 [ -2.9328837, 8.121846, -5.736857 ] [1, 2, 28, 59, 21, 33, 131, 132, 133]
61 [ -2.583617, 4.91918, -5.167234 ] [8, 9, 21, 22, 42, 98, 97, 130, 178, 196, 195, 185, 186, 165, 120, 88, 89, 101, 100, 99, 132]
62 [ -1.770991, 6.6572514, -1.770991 ] [21, 22, 23, 63, 101, 64, 65, 66, 67, 68, 69, 104, 103, 105, 102, 147, 145, 146, 144, 143, 142, 141, 140, 139, 137, 134, 136, 135, 138, 99, 100]
63 [ -1.770991, 6.6572514, -0.885496 ] [21, 23, 24, 25, 62, 64, 101, 65, 66, 67, 68, 69, 104, 103, 105, 102, 147, 145, 146, 144, 143, 142, 141, 140, 139, 137, 134, 136, 135, 138, 99, 100]
64 [ -1.770991, 6.6572514, -0.442748 ] [24, 25, 26, 62, 63, 65, 101, 66, 67, 68, 69, 104, 103, 105, 102, 147, 145, 146, 144, 143, 142, 141, 140, 139, 137, 134, 136, 135, 138, 99, 100]
65 [ -1.770991, 6.6572514, 7.012311E-9 ] [25, 26, 27, 62, 63, 64, 66, 101, 67, 68, 69, 104, 103, 105, 102, 147, 145, 146, 144, 143, 142, 141, 140, 139, 137, 134, 136, 135, 138, 99, 100]
66 [ -1.770991, 6.6572514, 0.442748 ] [26, 27, 29, 62, 63, 64, 65, 67, 101, 68, 69, 104, 103, 105, 102, 147, 145, 146, 144, 143, 142, 141, 140, 139, 137, 134, 136, 135, 138, 99, 100]
67 [ -1.770991, 6.6572514, 0.885496 ] [27, 29, 30, 62, 63, 64, 65, 66, 68, 101, 69, 104, 103, 105, 102, 147, 145, 146, 144, 143, 142, 141, 140, 139, 137, 134, 136, 135, 138, 99, 100]
68 [ -1.770991, 6.6572514, 1.328243 ] [29, 30, 62, 63, 64, 65, 66, 67, 69, 101, 104, 103, 105, 102, 147, 145, 146, 144, 143, 142, 141, 140, 139, 137, 134, 136, 135, 138, 99, 100]
69 [ -1.770991, 6.6572514, 1.770991 ] [30, 32, 33, 62, 63, 64, 65, 66, 67, 68, 104, 101, 103, 105, 102, 147, 145, 146, 144, 143, 142, 141, 140, 139, 137, 134, 136, 135, 138, 99, 100]
70 [ -2.583617, 4.91918, 5.167234 ] [17, 18, 32, 56, 149, 106, 107, 30, 96, 95, 126, 176, 194, 193, 201, 202, 182, 105, 103, 104]
71 [ -3.023984, 13.308345, -6.7378573 ] [34, 59, 72, 108]
72 [ -2.0229838, 14.127345, -2.9161572 ] [4, 71, 73, 109, 108, 156, 131]
73 [ -3.4788837, 13.217345, -1.7332573 ] [72, 109, 74]
74 [ -3.4788837, 13.217345, -0.09535742 ] [35, 73, 75, 108]
75 [ -2.750984, 17.039047, 1.1785426 ] [74, 109, 110, 115]
76 [ -3.3878837, 23.681545, -2.8251576 ] [5, 113, 77, 78]
77 [ -1.7499838, 23.772545, -2.734157 ] [76, 78, 113, 183]
78 [ -2.9328837, 24.227547, -1.5512571 ] [36, 76, 77, 5]
79 [ -0.7239839, -38.618053, -5.100757 ] [37, 38, 83]
80 [ -1.4163837, -40.316654, 1.8154426 ] [39, 81, 82]
81 [ -0.68848383, -42.743053, 1.5728426 ] [80, 203, 159, 82]
82 [ -0.20318389, -40.316654, 1.8154426 ] [39, 80, 81, 159]
83 [ -1.5111837, -34.735756, -3.0066571 ] [37, 39, 79, 116]
84 [ -0.20318389, -26.243053, 0.9662428 ] [86, 116, 85]
85 [ -1.4163837, -22.118053, 0.84494257 ] [0, 84, 41, 87, 117, 119, 86]
86 [ -1.4163837, -22.118053, 4.4846425 ] [84, 85, 119, 87]
87 [ -1.5377839, -20.419556, 4.7272425 ] [0, 85, 86, 41, 118, 119, 163]
88 [ -1.0518467E-8, -3.445013, -5.167234 ] [8, 9, 21, 22, 42, 61, 89, 90, 92, 98, 97, 130, 178, 196, 195, 185, 186, 165, 120, 123]
89 [ -1.291808, -3.445013, -5.167234 ] [7, 8, 9, 21, 22, 42, 61, 88, 90, 92, 98, 97, 130, 178, 196, 195, 185, 186, 165, 120, 91, 132]
90 [ -1.0518467E-8, -5.8074102, -2.398786 ] [43, 44, 46, 47, 48, 49, 50, 51, 52, 54, 55, 88, 89, 92, 120, 123, 122, 166, 169, 168, 170, 172, 173, 175, 124, 125, 94, 93, 91, 121]
91 [ -1.199393, -5.8074102, -2.398786 ] [9, 42, 43, 44, 46, 47, 48, 49, 50, 51, 52, 54, 55, 89, 90, 92, 122, 166, 169, 168, 170, 172, 173, 175, 124, 125, 94, 93, 123, 121]
92 [ -0.599697, -5.8074102, -2.398786 ] [42, 43, 44, 46, 47, 48, 49, 50, 51, 52, 54, 55, 88, 89, 90, 91, 122, 166, 169, 168, 170, 172, 173, 175, 124, 125, 94, 93, 123, 121]
93 [ -1.199393, -5.8074102, 2.398786 ] [18, 43, 44, 46, 47, 48, 49, 50, 51, 52, 54, 55, 56, 90, 91, 92, 96, 94, 122, 166, 169, 168, 170, 172, 173, 175, 124, 125, 123, 121]
94 [ -0.599697, -5.8074102, 2.398786 ] [43, 44, 46, 47, 48, 49, 50, 51, 52, 54, 55, 56, 90, 91, 92, 93, 96, 95, 125, 122, 166, 169, 168, 170, 172, 173, 175, 124, 123, 121, 126]
95 [ -1.0518467E-8, -3.445013, 5.167234 ] [17, 18, 32, 56, 58, 70, 94, 126, 125, 149, 106, 107, 30, 96, 176, 194, 193, 201, 202, 182, 128]
96 [ -1.291808, -3.445013, 5.167234 ] [17, 18, 32, 56, 70, 93, 94, 95, 149, 106, 107, 30, 126, 176, 194, 193, 201, 202, 182]
97 [ -1.0518467E-8, 4.91918, -5.167234 ] [8, 9, 21, 22, 42, 61, 88, 89, 98, 130, 178, 196, 195, 185, 186, 165, 120, 99, 138, 132]
98 [ -1.291808, 4.91918, -5.167234 ] [8, 9, 21, 22, 42, 61, 88, 89, 97, 130, 178, 196, 195, 185, 186, 165, 120, 100, 99, 132]
99 [ -1.0518467E-8, 6.6572514, -1.770991 ] [61, 62, 63, 64, 65, 66, 67, 68, 69, 97, 98, 100, 138, 130, 101, 104, 103, 105, 102, 147, 145, 146, 144, 143, 142, 141, 140, 139, 137, 134, 136, 135, 132]
100 [ -0.885496, 6.6572514, -1.770991 ] [22, 61, 62, 63, 64, 65, 66, 67, 68, 69, 98, 99, 101, 104, 103, 105, 102, 147, 145, 146, 144, 143, 142, 141, 140, 139, 137, 134, 136, 135, 138]
101 [ -1.328243, 6.6572514, -1.770991 ] [21, 22, 61, 62, 63, 64, 65, 66, 67, 68, 69, 99, 100, 104, 103, 105, 102, 147, 145, 146, 144, 143, 142, 141, 140, 139, 137, 134, 136, 135, 138]
102 [ -1.0518467E-8, 6.6572514, 1.770991 ] [62, 63, 64, 65, 66, 67, 68, 69, 99, 100, 101, 147, 106, 149, 105, 107, 104, 103, 145, 146, 144, 143, 142, 141, 140, 139, 137, 134, 136, 135, 138]
103 [ -0.885496, 6.6572514, 1.770991 ] [32, 62, 63, 64, 65, 66, 67, 68, 69, 70, 99, 100, 101, 102, 105, 107, 104, 147, 145, 146, 144, 143, 142, 141, 140, 139, 137, 134, 136, 135, 138]
104 [ -1.328243, 6.6572514, 1.770991 ] [32, 62, 63, 64, 65, 66, 67, 68, 69, 70, 99, 100, 101, 102, 103, 30, 105, 147, 145, 146, 144, 143, 142, 141, 140, 139, 137, 134, 136, 135, 138]
105 [ -0.442748, 6.6572514, 1.770991 ] [62, 63, 64, 65, 66, 67, 68, 69, 70, 99, 100, 101, 102, 103, 104, 107, 106, 147, 145, 146, 144, 143, 142, 141, 140, 139, 137, 134, 136, 135, 138]
106 [ -1.0518467E-8, 4.91918, 5.167234 ] [17, 18, 32, 56, 70, 95, 96, 102, 105, 149, 107, 30, 126, 176, 194, 193, 201, 202, 182, 147]
107 [ -1.291808, 4.91918, 5.167234 ] [17, 18, 32, 56, 70, 95, 96, 102, 103, 105, 106, 149, 30, 126, 176, 194, 193, 201, 202, 182]
108 [ -1.6590838, 14.0363455, -5.281957 ] [34, 71, 72, 74, 35, 131]
109 [ -1.1130838, 17.130047, -3.2174573 ] [34, 72, 73, 75, 152, 114, 158]
110 [ -1.0220838, 15.401246, 0.17764282 ] [75, 112, 111]
111 [ -0.29408383, 15.310245, 0.17764282 ] [110, 112, 158, 157]
112 [ -0.11218381, 14.127345, -0.09535742 ] [33, 110, 111, 156, 158, 181]
113 [ -1.385984, 22.316647, -3.7350574 ] [76, 77, 114]
114 [ -0.56718385, 21.315746, -4.008057 ] [113, 109, 183]
115 [ -0.9310839, 18.676945, 1.4515429 ] [6, 35, 75, 157]
116 [ 0.29231614, -26.243053, -3.0175576 ] [40, 83, 84, 117]
117 [ 1.5150162, -22.118053, -4.624557 ] [85, 116, 160, 119]
118 [ 1.2528162, -20.419556, 4.7272425 ] [87, 119]
119 [ 1.7380161, -21.390156, 4.9699426 ] [85, 86, 87, 117, 118, 163, 160, 161]
120 [ 1.291808, -3.445013, -5.167234 ] [8, 9, 21, 22, 42, 61, 88, 89, 90, 97, 98, 165, 121, 123, 130, 178, 196, 195, 185, 186, 127, 161, 171, 177]
121 [ 1.199393, -5.8074102, -2.398786 ] [43, 44, 46, 47, 48, 49, 50, 51, 52, 54, 55, 90, 91, 92, 93, 94, 120, 165, 123, 186, 122, 166, 169, 168, 170, 172, 173, 175, 124, 125]
122 [ 1.799089, -5.8074102, -2.398786 ] [43, 44, 46, 47, 48, 49, 50, 51, 52, 54, 55, 90, 91, 92, 93, 94, 121, 186, 185, 166, 165, 169, 168, 170, 172, 173, 175, 124, 125, 123]
123 [ 0.599697, -5.8074102, -2.398786 ] [43, 44, 46, 47, 48, 49, 50, 51, 52, 54, 55, 88, 90, 91, 92, 93, 94, 120, 121, 122, 165, 166, 169, 168, 170, 172, 173, 175, 124, 125]
124 [ 1.799089, -5.8074102, 2.398786 ] [43, 44, 46, 47, 48, 49, 50, 51, 52, 54, 55, 90, 91, 92, 93, 94, 121, 122, 123, 194, 176, 125, 193, 175, 166, 169, 168, 170, 172, 173, 126, 171]
125 [ 0.599697, -5.8074102, 2.398786 ] [43, 44, 46, 47, 48, 49, 50, 51, 52, 54, 55, 90, 91, 92, 93, 94, 95, 121, 122, 123, 124, 126, 176, 166, 169, 168, 170, 172, 173, 175]
126 [ 1.291808, -3.445013, 5.167234 ] [17, 18, 32, 56, 70, 95, 96, 106, 107, 125, 94, 149, 30, 176, 194, 193, 201, 202, 182, 124]
127 [ 1.7380161, -1.0077543, -4.2506576 ] [132, 120, 177]
128 [ 0.52471614, -0.52245426, 3.7566428 ] [57, 58, 95, 177]
129 [ 1.7579162, 3.1971455, 12.6942425 ] [151, 207]
130 [ 1.291808, 4.91918, -5.167234 ] [8, 9, 21, 22, 42, 61, 88, 89, 97, 98, 99, 120, 178, 196, 195, 185, 186, 165, 138, 135]
131 [ 1.0101161, 10.639245, -5.2212577 ] [59, 60, 133, 72, 108]
132 [ 1.2528162, 5.3010454, -4.9786572 ] [127, 42, 89, 61, 98, 97, 99, 178, 134, 60, 133, 185, 195, 196]
133 [ 1.7380161, 8.940745, -5.2212577 ] [131, 132, 60, 137]
134 [ 1.770991, 6.6572514, -1.770991 ] [62, 63, 64, 65, 66, 67, 68, 69, 99, 100, 101, 102, 103, 104, 105, 132, 136, 195, 196, 137, 197, 147, 145, 146, 144, 143, 142, 141, 140, 139, 135, 138]
135 [ 0.885496, 6.6572514, -1.770991 ] [62, 63, 64, 65, 66, 67, 68, 69, 99, 100, 101, 102, 103, 104, 105, 130, 134, 138, 178, 136, 196, 147, 145, 146, 144, 143, 142, 141, 140, 139, 137]
136 [ 1.328243, 6.6572514, -1.770991 ] [62, 63, 64, 65, 66, 67, 68, 69, 99, 100, 101, 102, 103, 104, 105, 134, 135, 196, 178, 195, 147, 145, 146, 144, 143, 142, 141, 140, 139, 137, 138]
137 [ 1.770991, 6.6572514, -1.328243 ] [62, 63, 64, 65, 66, 67, 68, 69, 99, 100, 101, 102, 103, 104, 105, 133, 134, 135, 136, 197, 195, 139, 147, 145, 146, 144, 143, 142, 141, 140, 138, 179, 180, 198]
138 [ 0.442748, 6.6572514, -1.770991 ] [62, 63, 64, 65, 66, 67, 68, 69, 97, 99, 100, 101, 102, 103, 104, 105, 130, 134, 135, 136, 137, 178, 147, 145, 146, 144, 143, 142, 141, 140, 139]
139 [ 1.770991, 6.6572514, -0.442748 ] [62, 63, 64, 65, 66, 67, 68, 69, 99, 100, 101, 102, 103, 104, 105, 134, 135, 136, 137, 138, 198, 197, 140, 199, 147, 145, 146, 144, 143, 142, 141, 156]
140 [ 1.770991, 6.6572514, 7.012311E-9 ] [62, 63, 64, 65, 66, 67, 68, 69, 99, 100, 101, 102, 103, 104, 105, 134, 135, 136, 137, 138, 139, 199, 198, 141, 147, 145, 146, 144, 143, 142]
141 [ 1.770991, 6.6572514, 0.442748 ] [62, 63, 64, 65, 66, 67, 68, 69, 99, 100, 101, 102, 103, 104, 105, 134, 135, 136, 137, 138, 139, 140, 199, 142, 200, 147, 145, 146, 144, 143]
142 [ 1.770991, 6.6572514, 0.885496 ] [62, 63, 64, 65, 66, 67, 68, 69, 99, 100, 101, 102, 103, 104, 105, 134, 135, 136, 137, 138, 139, 140, 141, 200, 199, 143, 147, 145, 146, 144]
143 [ 1.770991, 6.6572514, 1.328243 ] [62, 63, 64, 65, 66, 67, 68, 69, 99, 100, 101, 102, 103, 104, 105, 134, 135, 136, 137, 138, 139, 140, 141, 142, 200, 144, 201, 147, 145, 146]
144 [ 1.770991, 6.6572514, 1.770991 ] [62, 63, 64, 65, 66, 67, 68, 69, 99, 100, 101, 102, 103, 104, 105, 134, 135, 136, 137, 138, 139, 140, 141, 142, 143, 201, 200, 146, 202, 147, 145, 148, 179]
145 [ 0.885496, 6.6572514, 1.770991 ] [62, 63, 64, 65, 66, 67, 68, 69, 99, 100, 101, 102, 103, 104, 105, 134, 135, 136, 137, 138, 139, 140, 141, 142, 143, 144, 146, 182, 202, 147, 149]
146 [ 1.328243, 6.6572514, 1.770991 ] [62, 63, 64, 65, 66, 67, 68, 69, 99, 100, 101, 102, 103, 104, 105, 134, 135, 136, 137, 138, 139, 140, 141, 142, 143, 144, 145, 202, 201, 182, 147]
147 [ 0.442748, 6.6572514, 1.770991 ] [62, 63, 64, 65, 66, 67, 68, 69, 99, 100, 101, 102, 103, 104, 105, 106, 134, 135, 136, 137, 138, 139, 140, 141, 142, 143, 144, 145, 146, 149, 182]
148 [ 1.7380161, 6.514245, 3.5140426 ] [57, 179, 181, 33, 149, 144]
149 [ 1.291808, 4.91918, 5.167234 ] [17, 18, 32, 56, 70, 95, 96, 102, 106, 107, 126, 145, 147, 148, 30, 176, 194, 193, 201, 202, 182]
150 [ 0.6496161, 7.4730463, 12.149042 ] [33, 151]
151 [ 1.0529162, 7.135745, 12.283043 ] [129, 150]
152 [ 0.79771614, 15.9471445, -2.552157 ] [109, 158, 153, 154]
153 [ 1.2528162, 16.038147, -2.0062575 ] [152, 154, 155]
154 [ 1.4347162, 15.310245, -1.4602575 ] [152, 153, 158, 157, 155]
155 [ 1.7077162, 16.220146, -1.2782574 ] [153, 154, 157]
156 [ 0.28211617, 13.308345, -0.85365725 ] [72, 112, 139, 158]
157 [ 1.7077162, 16.220146, -0.36835718 ] [111, 115, 154, 155, 158]
158 [ 0.34271616, 15.219245, 0.2667427 ] [111, 112, 152, 154, 157, 156, 109]
159 [ 2.7086163, -42.257755, 3.2713428 ] [81, 82, 203]
160 [ 2.951316, -21.390156, -5.4639573 ] [117, 161, 119]
161 [ 2.7086163, -14.353354, -4.9786572 ] [160, 7, 162, 120, 119]
162 [ 2.077617, -12.573691, -2.077617 ] [41, 45, 161, 167, 174, 163, 171]
163 [ 2.077617, -12.573691, 2.077617 ] [41, 53, 87, 119, 162, 167, 174]
164 [ 2.8960161, -3.8281546, -9.605057 ] [19, 165, 184]
165 [ 2.583617, -3.445013, -5.167234 ] [8, 9, 21, 22, 42, 61, 88, 89, 97, 98, 120, 121, 122, 123, 130, 164, 178, 196, 195, 185, 186]
166 [ 2.398786, -5.8074102, -2.398786 ] [43, 44, 46, 47, 48, 49, 50, 51, 52, 54, 55, 90, 91, 92, 93, 94, 121, 122, 123, 124, 125, 186, 185, 187, 169, 168, 170, 172, 173, 175]
167 [ 2.077617, -6.018597, -2.077617 ] [45, 53, 162, 163, 41, 174]
168 [ 2.398786, -5.8074102, -1.199393 ] [43, 44, 46, 47, 48, 49, 50, 51, 52, 54, 55, 90, 91, 92, 93, 94, 121, 122, 123, 124, 125, 166, 187, 188, 169, 189, 170, 172, 173, 175, 171]
169 [ 2.398786, -5.8074102, -1.799089 ] [43, 44, 46, 47, 48, 49, 50, 51, 52, 54, 55, 90, 91, 92, 93, 94, 121, 122, 123, 124, 125, 166, 168, 187, 188, 185, 170, 172, 173, 175]
170 [ 2.398786, -5.8074102, -0.599697 ] [43, 44, 46, 47, 48, 49, 50, 51, 52, 54, 55, 90, 91, 92, 93, 94, 121, 122, 123, 124, 125, 166, 168, 169, 189, 190, 172, 188, 173, 175]
171 [ 2.4659162, -7.3166547, -0.85365725 ] [162, 124, 168, 120]
172 [ 2.398786, -5.8074102, 7.012311E-9 ] [43, 44, 46, 47, 48, 49, 50, 51, 52, 54, 55, 90, 91, 92, 93, 94, 121, 122, 123, 124, 125, 166, 168, 169, 170, 189, 190, 191, 173, 175, 192]
173 [ 2.398786, -5.8074102, 1.799089 ] [43, 44, 46, 47, 48, 49, 50, 51, 52, 54, 55, 90, 91, 92, 93, 94, 121, 122, 123, 124, 125, 166, 168, 169, 170, 172, 193, 175, 192, 174, 191]
174 [ 2.077617, -6.018597, 2.077617 ] [41, 45, 53, 162, 163, 167, 173]
175 [ 2.398786, -5.8074102, 2.398786 ] [43, 44, 46, 47, 48, 49, 50, 51, 52, 54, 55, 90, 91, 92, 93, 94, 121, 122, 123, 124, 125, 166, 168, 169, 170, 172, 173, 193, 194]
176 [ 2.583617, -3.445013, 5.167234 ] [17, 18, 32, 56, 70, 95, 96, 106, 107, 124, 125, 126, 149, 194, 30, 193, 201, 202, 182]
177 [ 1.9807162, -1.0077543, -0.85365725 ] [127, 128, 120, 189]
178 [ 2.583617, 4.91918, -5.167234 ] [8, 9, 21, 22, 42, 61, 88, 89, 97, 98, 120, 130, 132, 135, 136, 138, 165, 196, 195, 185, 186]
179 [ 3.436516, 6.514245, 2.3007426 ] [148, 181, 137, 144, 180, 200]
180 [ 3.6792161, 7.7275457, 2.5434427 ] [179, 181, 137]
181 [ 1.9807162, 7.7275457, 3.5140426 ] [148, 179, 180, 112, 33]
182 [ 2.583617, 4.91918, 5.167234 ] [17, 18, 32, 56, 70, 95, 96, 106, 107, 126, 145, 146, 147, 149, 176, 30, 194, 193, 201, 202]
183 [ 2.6176162, 20.860744, -3.0071568 ] [114, 77]
184 [ 5.279716, -3.7636547, -8.261658 ] [164, 204, 205]
185 [ 5.167234, -3.445013, -5.167234 ] [8, 9, 21, 22, 42, 61, 88, 89, 97, 98, 120, 122, 130, 132, 165, 166, 169, 178, 186, 196, 195, 198, 199, 200, 201, 193, 192, 191, 190, 189, 188, 187, 197]
186 [ 3.875425, -3.445013, -5.167234 ] [8, 9, 21, 22, 42, 61, 88, 89, 97, 98, 120, 121, 122, 130, 165, 166, 178, 185, 196, 195]
187 [ 5.167234, -3.445013, -3.875425 ] [166, 168, 169, 185, 188, 198, 199, 200, 201, 193, 192, 191, 190, 189, 195, 197]
188 [ 5.167234, -3.445013, -2.583617 ] [168, 169, 170, 185, 187, 198, 199, 200, 201, 193, 192, 191, 190, 189, 195, 197]
189 [ 5.167234, -3.445013, -1.291808 ] [168, 170, 172, 177, 185, 187, 188, 190, 198, 199, 200, 201, 193, 192, 191, 195, 197]
190 [ 5.167234, -3.445013, 7.012311E-9 ] [170, 172, 185, 187, 188, 189, 198, 199, 200, 201, 193, 192, 191, 195, 197]
191 [ 5.167234, -3.445013, 1.291808 ] [172, 185, 187, 188, 189, 190, 192, 173, 198, 199, 200, 201, 193, 195, 197]
192 [ 5.167234, -3.445013, 2.583617 ] [173, 185, 187, 188, 189, 190, 191, 172, 193, 198, 199, 200, 201, 195, 197]
193 [ 5.167234, -3.445013, 3.875425 ] [17, 18, 32, 56, 70, 95, 96, 106, 107, 124, 126, 149, 173, 175, 176, 182, 185, 187, 188, 189, 190, 191, 192, 194, 198, 199, 200, 201, 195, 197, 202]
194 [ 3.875425, -3.445013, 5.167234 ] [17, 18, 32, 56, 70, 95, 96, 106, 107, 124, 126, 149, 175, 176, 182, 193, 30, 201, 202]
195 [ 5.167234, 4.91918, -5.167234 ] [8, 9, 21, 22, 42, 61, 88, 89, 97, 98, 120, 130, 132, 134, 136, 137, 165, 178, 185, 186, 187, 188, 189, 190, 191, 192, 193, 196, 198, 199, 200, 201, 197]
196 [ 3.875425, 4.91918, -5.167234 ] [8, 9, 21, 22, 42, 61, 88, 89, 97, 98, 120, 130, 132, 134, 135, 136, 165, 178, 185, 186, 195]
197 [ 5.167234, 4.91918, -2.583617 ] [134, 137, 139, 185, 187, 188, 189, 190, 191, 192, 193, 195, 198, 199, 200, 201]
198 [ 5.167234, 4.91918, -1.291808 ] [139, 140, 185, 187, 188, 189, 190, 191, 192, 193, 195, 197, 199, 200, 201, 137]
199 [ 5.167234, 4.91918, 7.012311E-9 ] [139, 140, 141, 142, 185, 187, 188, 189, 190, 191, 192, 193, 195, 197, 198, 200, 201]
200 [ 5.167234, 4.91918, 2.583617 ] [141, 142, 143, 144, 179, 185, 187, 188, 189, 190, 191, 192, 193, 195, 197, 198, 199, 201]
201 [ 5.167234, 4.91918, 5.167234 ] [17, 18, 32, 56, 70, 95, 96, 106, 107, 126, 143, 144, 146, 149, 176, 182, 185, 187, 188, 189, 190, 191, 192, 193, 194, 195, 197, 198, 199, 200, 30, 202]
202 [ 3.875425, 4.91918, 5.167234 ] [17, 18, 32, 56, 70, 95, 96, 106, 107, 126, 144, 145, 146, 149, 176, 182, 194, 201, 30, 193]
203 [ 5.863016, -42.743053, 2.0581427 ] [81, 159]
204 [ 7.3347163, -6.0049543, -8.854458 ] [184, 205, 208]
205 [ 8.117916, -5.8134546, -9.536957 ] [184, 204, 208]
206 [ 8.477116, 3.5885458, 17.084242 ] [207, 209]
207 [ 7.670516, 3.4536457, 17.274542 ] [129, 206, 209]
208 [ 9.857117, -7.3055544, -9.866158 ] [204, 205]
209 [ 9.582617, 1.6610451, 19.595943 ] [206, 207, 211, 210, 212, 213, 214]
210 [ 11.033815, 1.5710449, 21.709942 ] [209, 211]
211 [ 10.979916, 1.315445, 21.577143 ] [209, 210]
212 [ 11.219416, 3.1149454, 22.283543 ] [209, 213, 214]
213 [ 11.217115, 1.9466457, 22.076443 ] [212, 209, 214]
214 [ 10.994217, 1.922945, 22.212244 ] [212, 213, 209]