0 [ -7.9374843, 12.034446, -2.6431575 ] [16, 51, 23, 92, 14, 15, 20, 49]
1 [ -6.3906837, 13.672345, -0.9142575 ] [51, 50, 92, 52, 16, 23, 2, 93]
2 [ -6.481584, 17.130047, 2.9983428 ] [1, 92, 24, 126, 93]
3 [ -4.3281837, -21.390156, -7.4050574 ] [28, 27, 62]
4 [ -5.0560837, -7.3166547, -6.191857 ] [64, 28, 5, 11, 6, 10, 29, 128]
5 [ -5.167234, -3.445013, -5.167234 ] [4, 29, 36, 111, 173, 175, 165, 131, 100, 44, 20, 18, 17, 9, 11, 22, 132, 15, 33, 162, 174, 12, 66, 32, 7, 19, 46, 31, 148, 163, 8, 21, 30, 47, 65]
6 [ -5.2986836, -4.890155, -4.493357 ] [4, 29, 10, 7, 36]
7 [ -5.167234, -3.445013, -2.583617 ] [5, 6, 9, 32, 34, 29, 33, 20, 16, 46, 11, 22, 12, 18, 31, 15, 19, 10, 8, 21, 35, 48]
8 [ -5.167234, -3.445013, -1.291808 ] [5, 7, 32, 34, 19, 18, 17, 15, 9, 11, 12, 22, 21, 20]
9 [ -5.167234, -3.445013, 1.291808 ] [5, 7, 8, 43, 36, 20, 18, 17, 44, 11, 22, 15, 37, 12, 19, 46, 32, 34, 10, 21, 35, 48]
10 [ -5.2986836, -4.890155, 2.7860427 ] [4, 6, 7, 9, 64, 29, 41, 11]
11 [ -5.167234, -3.445013, 3.875425 ] [4, 5, 7, 8, 9, 10, 64, 36, 20, 18, 17, 44, 12, 22, 40, 43, 86, 74, 122, 108, 172, 171, 15, 39, 72, 109, 110, 16, 19, 29, 46, 37, 144, 41, 21, 38, 48]
12 [ -5.167234, -3.445013, 5.167234 ] [5, 7, 8, 9, 11, 74, 39, 72, 122, 22, 109, 110, 171, 172, 180, 20, 18, 15, 19, 46, 86, 144, 40, 41, 36, 71, 75, 43, 73, 108, 156, 123, 182, 183, 21, 38, 42, 157]
13 [ -5.229984, 0.8127451, -7.3340573 ] [29]
14 [ -5.2077837, 8.303746, -6.1008573 ] [0, 23, 47, 15, 44, 88, 16, 111, 46, 29, 20, 45, 48, 124]
15 [ -5.167234, 4.91918, -3.875425 ] [5, 7, 8, 9, 11, 12, 14, 0, 18, 17, 44, 22, 20, 77, 76, 111, 131, 162, 174, 173, 16, 29, 43, 100, 101, 46, 19, 148, 163, 21, 30, 47, 65]
16 [ -5.5413837, 7.7275457, -3.037457 ] [0, 1, 7, 11, 14, 15, 17, 20, 92, 43, 46, 48]
17 [ -5.167234, 4.91918, -2.583617 ] [5, 8, 9, 11, 15, 16, 20, 18, 44, 22, 78, 77, 43, 92, 21, 76]
18 [ -5.167234, 4.91918, -1.291808 ] [5, 7, 8, 9, 11, 12, 15, 17, 20, 44, 22, 78, 77, 19, 79, 46, 80, 21]
19 [ -5.167234, 4.91918, 1.291808 ] [5, 7, 8, 9, 11, 12, 15, 18, 22, 20, 81, 80, 79, 21]
20 [ -5.167234, 4.91918, 2.583617 ] [5, 7, 8, 9, 11, 12, 14, 15, 16, 17, 18, 19, 0, 44, 22, 82, 81, 83, 43, 92, 21, 46, 80, 48]
21 [ -5.167234, 4.91918, 3.875425 ] [5, 7, 8, 9, 11, 12, 15, 17, 18, 19, 20, 22, 83, 82, 81, 48]
22 [ -5.167234, 4.91918, 5.167234 ] [5, 7, 8, 9, 11, 12, 15, 17, 18, 19, 20, 21, 122, 86, 74, 108, 171, 172, 156, 44, 83, 82, 84, 109, 110, 46, 144, 123, 182, 183, 42, 48, 157, 121, 180]
23 [ -4.519484, 11.4113455, -6.095757 ] [0, 1, 14, 45, 50, 92, 49, 88, 51, 89, 48, 90, 124]
24 [ -4.388784, 22.316647, 1.8154426 ] [2, 53, 126, 54, 93]
25 [ -2.8721838, -26.243053, 1.5728426 ] [59, 61, 98, 26]
26 [ -2.8721838, -26.243053, 3.5140426 ] [25, 61, 58]
27 [ -3.3151836, -20.419556, -4.415858 ] [3, 61, 62, 28, 97, 99, 128, 60]
28 [ -4.227184, -17.022455, -4.083857 ] [3, 4, 27, 64, 128, 97, 62]
29 [ -3.875425, -3.445013, -5.167234 ] [4, 5, 6, 7, 10, 11, 13, 14, 15, 44, 65, 132, 111, 173, 175, 165, 131, 100, 36, 67, 162, 174, 66, 101, 46, 31, 148, 163, 30, 47, 184, 69]
30 [ -2.583617, -3.445013, -5.167234 ] [5, 15, 29, 66, 47, 111, 148, 173, 174, 163, 162, 131, 101, 100, 65, 46, 67, 69]
31 [ -2.398786, -5.8074102, -2.398786 ] [5, 7, 29, 66, 33, 132, 135, 141, 106, 105, 73, 72, 39, 36, 34, 102, 71, 67, 103, 104, 133, 134, 136, 138, 139, 38, 107, 140, 142, 35, 69]
32 [ -2.398786, -5.8074102, -1.199393 ] [5, 7, 8, 9, 66, 37, 33, 132, 135, 141, 105, 73, 71, 72, 39, 36, 67, 102, 34, 106, 137, 103, 104, 133, 134, 136, 138, 139, 38, 107, 140, 142, 35, 69]
33 [ -2.398786, -5.8074102, -1.799089 ] [5, 7, 31, 32, 66, 132, 135, 141, 105, 73, 71, 72, 39, 36, 37, 67, 102, 34, 106, 137, 103, 104, 133, 134, 136, 138, 139, 38, 107, 140, 142, 35, 69]
34 [ -2.398786, -5.8074102, -0.599697 ] [7, 8, 9, 31, 32, 33, 66, 37, 132, 137, 141, 106, 36, 102, 72, 39, 105, 73, 135, 71, 67, 103, 104, 133, 134, 136, 138, 139, 38, 107, 140, 142, 35, 69]
35 [ -2.398786, -5.8074102, 7.012311E-9 ] [9, 37, 7, 34, 133, 134, 135, 136, 137, 138, 139, 141, 107, 106, 105, 73, 71, 72, 39, 38, 36, 32, 33, 31, 66, 69, 67, 103, 102, 104]
36 [ -2.398786, -5.8074102, 1.199393 ] [5, 6, 9, 11, 12, 29, 31, 32, 33, 34, 35, 63, 66, 37, 71, 132, 135, 141, 105, 73, 128, 129, 39, 72, 67, 102, 74, 106, 137, 103, 104, 133, 134, 136, 138, 139, 38, 107, 140, 142, 69]
37 [ -2.398786, -5.8074102, 0.599697 ] [9, 11, 32, 33, 34, 35, 36, 66, 132, 135, 141, 102, 71, 39, 72, 67, 105, 73, 106, 137, 103, 104, 133, 134, 136, 138, 139, 38, 107, 140, 142, 69]
38 [ -2.398786, -5.8074102, 1.799089 ] [11, 12, 31, 32, 33, 34, 35, 36, 37, 39, 133, 134, 135, 136, 137, 138, 139, 140, 141, 142, 107, 106, 105, 73, 71, 72, 66, 67, 103, 102, 104, 69]
39 [ -2.398786, -5.8074102, 2.398786 ] [11, 12, 31, 32, 33, 34, 35, 36, 37, 38, 40, 66, 71, 72, 132, 135, 141, 105, 73, 67, 102, 74, 106, 103, 104, 133, 134, 136, 138, 139, 42, 107, 140, 142, 69]
40 [ -3.842884, -7.3166547, 5.4551425 ] [11, 12, 39, 64, 75, 141, 74]
41 [ -3.6002836, -4.890155, 4.7272425 ] [10, 11, 12, 64, 74, 141, 143]
42 [ -3.875425, -3.445013, 5.167234 ] [12, 22, 39, 72, 123, 122, 86, 74, 109, 110, 144, 171, 172, 183, 182, 157, 71, 43, 48]
43 [ -4.085484, -1.0077543, 1.0875425 ] [9, 11, 12, 15, 16, 17, 20, 42, 74, 75, 86, 108, 109, 110, 121]
44 [ -2.875984, 4.809746, -7.238957 ] [5, 9, 11, 14, 15, 17, 18, 20, 22, 29, 46, 88, 111, 76, 100, 101, 131, 162, 173, 174, 185]
45 [ -4.206784, 10.032645, -6.9198575 ] [23, 14, 88, 49, 89, 92, 48]
46 [ -3.875425, 4.91918, -5.167234 ] [5, 7, 9, 11, 12, 14, 15, 16, 18, 20, 22, 29, 30, 44, 111, 148, 173, 174, 163, 162, 131, 101, 100, 76, 114, 77, 47, 65]
47 [ -2.583617, 4.91918, -5.167234 ] [5, 14, 15, 29, 30, 46, 111, 148, 173, 174, 163, 162, 131, 101, 100, 65, 76, 114]
48 [ -3.842884, 6.514245, 4.4846425 ] [22, 45, 7, 9, 11, 14, 16, 20, 21, 23, 83, 156, 121, 158, 42, 74, 86, 82, 84, 109, 122, 144, 110, 172, 183, 87]
49 [ -2.750984, 14.127345, -6.6468577 ] [23, 45, 0, 50, 51, 53, 88, 89, 159, 92, 90]
50 [ -3.4788837, 13.217345, -1.7332573 ] [1, 23, 49, 90, 91, 52, 92, 93, 51, 89, 125]
51 [ -3.660884, 13.217345, -0.9142575 ] [0, 1, 23, 49, 50, 92, 125]
52 [ -3.4788837, 13.217345, -0.09535742 ] [1, 50, 92, 91]
53 [ -2.3869839, 23.681545, -2.8251576 ] [24, 49, 94]
54 [ -3.2059836, 17.221046, 1.1785426 ] [24, 92, 126, 89, 159]
55 [ -1.118084, -42.743053, -5.4737573 ] [96, 95, 56]
56 [ -0.82718384, -41.772453, -3.2556577 ] [55, 95, 96]
57 [ -1.4163837, -40.316654, 1.8154426 ] [58, 96, 127]
58 [ -1.4163837, -38.618053, 3.2713428 ] [26, 57, 59, 127]
59 [ -1.9016838, -34.735756, 1.5728426 ] [25, 58]
60 [ -2.1960838, -24.787155, -5.597857 ] [97, 62, 27]
61 [ -1.5377839, -23.331356, 4.2419424 ] [25, 26, 27, 98, 64, 99, 130]
62 [ -2.0510838, -22.118053, -5.908857 ] [3, 27, 28, 60, 97, 128, 98]
63 [ -2.077617, -12.573691, -2.077617 ] [36, 129, 132, 128, 141, 66, 72, 64, 68, 70]
64 [ -2.077617, -12.573691, 2.077617 ] [4, 10, 11, 28, 40, 41, 63, 61, 72, 66, 141, 129, 128, 130, 68, 70, 99, 143]
65 [ -1.291808, -3.445013, -5.167234 ] [5, 15, 29, 30, 46, 47, 100, 103, 67, 111, 148, 173, 174, 163, 162, 131, 101, 66, 128]
66 [ -1.799089, -5.8074102, -2.398786 ] [5, 29, 30, 31, 32, 33, 34, 35, 36, 37, 38, 39, 63, 64, 65, 100, 67, 132, 135, 137, 141, 106, 105, 73, 71, 72, 102, 128, 101, 103, 104, 133, 134, 136, 138, 139, 107, 140, 142, 69]
67 [ -0.599697, -5.8074102, -2.398786 ] [29, 30, 31, 32, 33, 34, 35, 36, 37, 38, 39, 65, 66, 71, 72, 100, 102, 132, 135, 141, 105, 73, 106, 137, 103, 104, 133, 134, 136, 138, 139, 107, 140, 142, 69]
68 [ -2.077617, -6.018597, -2.077617 ] [63, 64, 70, 132, 128, 141]
69 [ -1.199393, -5.8074102, -2.398786 ] [35, 29, 30, 31, 33, 32, 34, 37, 36, 38, 39, 66, 100, 133, 132, 135, 136, 137, 138, 139, 141, 107, 105, 71, 72, 104, 101, 67, 73, 103, 102, 106, 134]
70 [ -2.077617, -6.018597, 2.077617 ] [63, 64, 68, 141, 129, 132]
71 [ -1.199393, -5.8074102, 2.398786 ] [12, 31, 32, 33, 34, 35, 36, 37, 38, 39, 42, 66, 67, 69, 74, 73, 132, 135, 141, 105, 72, 102, 106, 137, 103, 104, 133, 134, 136, 138, 139, 107, 140, 142]
72 [ -1.799089, -5.8074102, 2.398786 ] [11, 12, 31, 32, 33, 34, 35, 36, 37, 38, 39, 42, 63, 64, 66, 67, 69, 71, 132, 135, 141, 105, 73, 102, 74, 106, 103, 129, 104, 133, 134, 136, 138, 139, 107, 140, 142]
73 [ -0.599697, -5.8074102, 2.398786 ] [12, 31, 32, 33, 34, 35, 36, 37, 38, 39, 66, 67, 69, 71, 72, 74, 102, 103, 105, 132, 135, 141, 109, 106, 104, 133, 134, 136, 138, 139, 107, 140, 142]
74 [ -1.291808, -3.445013, 5.167234 ] [11, 12, 22, 36, 39, 40, 41, 42, 48, 71, 72, 73, 43, 86, 108, 122, 171, 172, 156, 105, 141, 109, 110, 144, 123, 182, 180, 183, 157, 143, 147]
75 [ -1.1736839, -4.890155, 4.7272425 ] [12, 40, 43, 141, 108]
76 [ -1.770991, 6.6572514, -1.328243 ] [15, 17, 44, 46, 47, 77, 114, 78, 79, 80, 81, 82, 83, 84, 117, 118, 120, 119, 121, 156, 155, 154, 153, 151, 150, 149, 116, 112, 113, 115, 85, 148, 152]
77 [ -1.770991, 6.6572514, -0.885496 ] [15, 17, 18, 46, 76, 78, 113, 81, 82, 83, 84, 121, 156, 155, 154, 153, 150, 149, 116, 79, 112, 80, 114, 117, 151, 115, 118, 119, 120, 85, 152]
78 [ -1.770991, 6.6572514, -0.442748 ] [17, 18, 76, 77, 113, 81, 82, 83, 84, 121, 156, 155, 154, 153, 150, 149, 116, 79, 112, 80, 114, 117, 151, 115, 118, 119, 120, 85, 152]
79 [ -1.770991, 6.6572514, 7.012311E-9 ] [18, 19, 76, 77, 78, 81, 82, 83, 84, 121, 156, 155, 154, 153, 150, 149, 116, 112, 113, 80, 114, 117, 151, 115, 118, 119, 120, 85, 152]
80 [ -1.770991, 6.6572514, 0.442748 ] [18, 19, 20, 76, 77, 78, 79, 81, 82, 83, 84, 117, 121, 156, 155, 154, 153, 151, 150, 149, 116, 113, 114, 115, 118, 119, 120, 85, 152]
81 [ -1.770991, 6.6572514, 0.885496 ] [19, 20, 21, 76, 77, 78, 79, 80, 82, 113, 83, 84, 121, 156, 155, 154, 153, 150, 149, 116, 112, 114, 117, 151, 115, 118, 119, 120, 85, 152]
82 [ -1.770991, 6.6572514, 1.328243 ] [20, 21, 22, 48, 76, 77, 78, 79, 80, 81, 83, 113, 84, 121, 156, 155, 154, 153, 150, 149, 116, 112, 114, 117, 151, 115, 118, 119, 120, 85, 152]
83 [ -1.770991, 6.6572514, 1.770991 ] [20, 21, 22, 48, 76, 77, 78, 79, 80, 81, 82, 86, 84, 113, 121, 156, 155, 154, 153, 150, 149, 116, 112, 114, 117, 151, 115, 118, 119, 120, 85, 152]
84 [ -1.328243, 6.6572514, 1.770991 ] [22, 48, 76, 77, 78, 79, 80, 81, 82, 83, 117, 86, 121, 156, 155, 154, 153, 150, 149, 116, 112, 113, 114, 151, 115, 118, 119, 120, 122, 85, 152]
85 [ -0.885496, 6.6572514, 1.770991 ] [86, 114, 76, 77, 78, 79, 80, 81, 82, 83, 84, 115, 113, 118, 117, 120, 119, 121, 156, 155, 154, 153, 151, 152, 150, 149, 116, 112]
86 [ -1.291808, 4.91918, 5.167234 ] [11, 12, 22, 42, 48, 74, 83, 84, 85, 43, 109, 122, 110, 144, 172, 181, 123, 117, 171, 108, 156, 118, 182, 183, 157]
87 [ -1.0743837, 5.967845, 7.7396426 ] [48, 123, 188]
88 [ -0.9665837, 12.524545, -6.5749574 ] [14, 23, 44, 45, 49, 89, 125, 149, 158, 173, 90, 124]
89 [ -0.5063839, 13.466744, -4.930157 ] [23, 45, 49, 54, 88, 92, 50, 125, 90, 91, 124]
90 [ -1.6590838, 14.0363455, -5.281957 ] [50, 23, 49, 88, 126, 92, 91, 89, 93]
91 [ -1.8409839, 13.217345, -3.0071568 ] [50, 52, 90, 125, 93, 89]
92 [ -2.0229838, 14.127345, 1.0875425 ] [0, 1, 2, 16, 17, 20, 23, 45, 49, 50, 51, 52, 54, 89, 90, 125, 119, 122, 126]
93 [ -1.5679839, 17.130047, -3.2174573 ] [2, 50, 90, 91, 1, 24, 125, 126, 159, 161]
94 [ -1.2040839, 23.772545, -2.6431575 ] [53, 161, 160]
95 [ -0.22608387, -38.618053, -3.732657 ] [55, 56, 97, 96]
96 [ -0.37108386, -42.743053, -3.421657 ] [55, 56, 57, 95, 127]
97 [ 0.60301614, -26.243053, -4.2926574 ] [27, 28, 60, 62, 95]
98 [ 1.0101161, -22.118053, 0.84494257 ] [25, 61, 62, 128, 130, 129, 99]
99 [ 1.2528162, -20.419556, 4.7272425 ] [27, 64, 98, 61, 130]
100 [ -1.0518467E-8, -3.445013, -5.167234 ] [5, 15, 29, 30, 44, 46, 47, 65, 66, 67, 69, 101, 111, 132, 173, 175, 165, 131, 102, 162, 174, 148, 163, 103, 104]
101 [ 1.291808, -3.445013, -5.167234 ] [15, 29, 30, 44, 46, 47, 65, 66, 69, 100, 102, 103, 111, 131, 173, 174, 162, 135, 145, 137, 148, 104, 128]
102 [ 0.599697, -5.8074102, -2.398786 ] [31, 32, 33, 34, 35, 36, 37, 38, 39, 66, 67, 69, 71, 72, 73, 100, 101, 131, 132, 135, 141, 106, 105, 128, 137, 162, 103, 104, 133, 134, 136, 138, 139, 107, 140, 142]
103 [ -1.0518467E-8, -5.8074102, -2.398786 ] [31, 32, 33, 34, 35, 36, 37, 38, 39, 65, 66, 67, 69, 71, 72, 73, 100, 101, 102, 133, 134, 135, 136, 137, 138, 139, 141, 106, 105, 104, 107, 140, 142]
104 [ 1.199393, -5.8074102, -2.398786 ] [31, 32, 33, 34, 35, 36, 37, 38, 39, 66, 67, 69, 71, 72, 73, 100, 101, 102, 103, 105, 128, 131, 133, 162, 132, 135, 136, 137, 138, 139, 141, 106, 134, 107, 140, 142]
105 [ -1.0518467E-8, -5.8074102, 2.398786 ] [31, 32, 33, 34, 35, 36, 37, 38, 39, 66, 67, 69, 71, 72, 73, 74, 102, 103, 104, 108, 132, 135, 141, 109, 110, 106, 133, 134, 136, 138, 139, 107, 140, 142]
106 [ 0.599697, -5.8074102, 2.398786 ] [31, 32, 33, 34, 35, 36, 37, 38, 39, 66, 67, 69, 71, 72, 73, 102, 103, 104, 105, 110, 109, 144, 141, 132, 135, 137, 133, 134, 136, 138, 139, 107, 140, 142]
107 [ 1.199393, -5.8074102, 2.398786 ] [31, 32, 33, 34, 35, 36, 37, 38, 39, 66, 67, 69, 71, 72, 73, 102, 103, 104, 105, 106, 171, 144, 141, 110, 133, 134, 135, 136, 137, 138, 139, 140, 142, 143]
108 [ 1.0101161, -4.890155, 4.4846425 ] [11, 12, 22, 74, 75, 86, 105, 43, 122, 141, 172, 171, 156, 143, 147]
109 [ -1.0518467E-8, -3.445013, 5.167234 ] [11, 12, 22, 42, 48, 73, 74, 86, 105, 106, 43, 122, 110, 141, 171, 172, 180, 144, 123, 182, 183, 157]
110 [ 1.291808, -3.445013, 5.167234 ] [11, 12, 22, 42, 48, 74, 86, 105, 106, 107, 109, 43, 122, 141, 171, 172, 180, 145, 144, 123, 182, 183, 157, 147]
111 [ 1.291808, 4.91918, -5.167234 ] [5, 14, 15, 29, 30, 44, 46, 47, 65, 100, 101, 148, 112, 113, 115, 131, 173, 174, 162, 116, 165, 175, 163, 114, 145, 149]
112 [ 0.885496, 6.6572514, -1.770991 ] [76, 77, 78, 79, 81, 82, 83, 84, 85, 111, 113, 173, 116, 121, 156, 155, 154, 153, 150, 149, 115, 118, 119, 120, 152]
113 [ 0.442748, 6.6572514, -1.770991 ] [76, 77, 78, 79, 80, 81, 82, 83, 84, 85, 111, 112, 114, 173, 121, 156, 155, 154, 153, 150, 149, 116, 117, 148, 151, 115, 118, 119, 120, 152]
114 [ -0.442748, 6.6572514, -1.770991 ] [46, 47, 76, 77, 78, 79, 80, 81, 82, 83, 84, 85, 111, 113, 117, 121, 156, 155, 154, 153, 151, 150, 149, 116, 115, 118, 119, 120, 152]
115 [ -1.0518467E-8, 6.6572514, -1.770991 ] [76, 77, 78, 79, 80, 81, 82, 83, 84, 85, 111, 112, 113, 114, 117, 118, 120, 119, 121, 156, 155, 154, 153, 151, 150, 149, 116, 152]
116 [ 1.328243, 6.6572514, -1.770991 ] [76, 77, 78, 79, 80, 81, 82, 83, 84, 85, 111, 112, 113, 114, 115, 117, 118, 119, 120, 148, 149, 121, 173, 175, 156, 155, 154, 153, 150, 174, 151, 152]
117 [ -0.442748, 6.6572514, 1.770991 ] [76, 77, 78, 79, 80, 81, 82, 83, 84, 85, 86, 113, 114, 115, 116, 122, 121, 156, 155, 154, 153, 151, 150, 149, 118, 119, 120, 152]
118 [ -1.0518467E-8, 6.6572514, 1.770991 ] [76, 77, 78, 79, 80, 81, 82, 83, 84, 85, 86, 112, 113, 114, 115, 116, 117, 120, 122, 119, 121, 156, 155, 154, 153, 151, 150, 149, 123, 152]
119 [ 0.885496, 6.6572514, 1.770991 ] [76, 77, 78, 79, 80, 81, 82, 83, 84, 85, 112, 113, 114, 115, 116, 117, 118, 92, 121, 122, 183, 120, 156, 155, 154, 153, 151, 150, 149, 123, 182, 157, 152]
120 [ 0.442748, 6.6572514, 1.770991 ] [76, 77, 78, 79, 80, 81, 82, 83, 84, 85, 112, 113, 114, 115, 116, 117, 118, 119, 122, 121, 156, 155, 154, 153, 151, 150, 149, 123, 157, 152]
121 [ 1.328243, 6.6572514, 1.770991 ] [48, 76, 77, 78, 79, 80, 81, 82, 83, 84, 85, 112, 113, 114, 115, 116, 117, 118, 119, 120, 43, 22, 122, 145, 149, 150, 151, 153, 154, 155, 156, 182, 183, 157, 146, 152]
122 [ -1.0518467E-8, 4.91918, 5.167234 ] [11, 12, 22, 42, 48, 74, 84, 86, 108, 109, 110, 117, 118, 119, 120, 121, 92, 171, 172, 156, 180, 123, 155, 164, 174, 177, 178, 144, 182, 183, 157]
123 [ 1.291808, 4.91918, 5.167234 ] [12, 22, 42, 74, 86, 87, 109, 110, 118, 119, 120, 122, 144, 171, 172, 183, 182, 157]
124 [ 1.0101161, 10.639245, -5.2212577 ] [14, 23, 88, 89, 125, 173, 158, 153]
125 [ 0.28211617, 13.308345, -0.85365725 ] [51, 88, 89, 91, 92, 93, 124, 159, 50, 158, 152]
126 [ 0.79771614, 17.039047, 1.2695427 ] [2, 24, 54, 90, 93, 92, 159, 161]
127 [ 2.7086163, -42.257755, 1.8154426 ] [58, 57, 96]
128 [ 2.077617, -12.573691, -2.077617 ] [4, 27, 28, 36, 62, 63, 64, 65, 66, 68, 98, 101, 102, 104, 132, 141, 129, 131, 130, 143]
129 [ 2.077617, -12.573691, 2.077617 ] [36, 63, 64, 70, 72, 98, 128, 132, 141, 143]
130 [ 2.7086163, -14.353354, 3.2713428 ] [64, 98, 99, 128, 61, 141]
131 [ 2.583617, -3.445013, -5.167234 ] [5, 15, 29, 30, 44, 46, 47, 65, 100, 101, 102, 104, 111, 128, 173, 174, 162, 132, 135, 145, 148, 163, 133, 185]
132 [ 2.077617, -6.018597, -2.077617 ] [5, 29, 31, 32, 33, 34, 36, 37, 39, 63, 66, 67, 68, 69, 70, 71, 72, 73, 100, 102, 104, 105, 106, 128, 129, 131, 141, 135, 162, 164, 165, 137, 163, 133, 136, 138, 139]
133 [ 1.799089, -5.8074102, -2.398786 ] [31, 32, 33, 34, 35, 36, 37, 38, 39, 66, 67, 69, 71, 72, 73, 102, 103, 104, 105, 106, 107, 131, 132, 141, 162, 163, 135, 136, 137, 138, 139, 134, 140, 142]
134 [ 2.398786, -5.8074102, -2.398786 ] [31, 32, 33, 34, 35, 36, 37, 38, 39, 66, 67, 69, 71, 72, 73, 102, 103, 104, 105, 106, 107, 133, 162, 163, 164, 135, 136, 137, 138, 139, 141, 140, 142]
135 [ 2.398786, -5.8074102, -1.799089 ] [31, 32, 33, 34, 35, 36, 37, 38, 39, 66, 67, 69, 71, 72, 73, 101, 102, 103, 104, 105, 106, 107, 131, 132, 133, 134, 165, 141, 164, 145, 166, 168, 137, 163, 136, 138, 139, 140, 142]
136 [ 2.398786, -5.8074102, -1.199393 ] [31, 32, 33, 34, 35, 36, 37, 38, 39, 66, 67, 69, 71, 72, 73, 102, 103, 104, 105, 106, 107, 132, 133, 134, 135, 141, 164, 165, 166, 137, 138, 139, 140, 142]
137 [ 2.398786, -5.8074102, -0.599697 ] [32, 33, 34, 35, 36, 37, 38, 66, 67, 69, 71, 101, 102, 103, 104, 106, 107, 132, 133, 134, 135, 136, 166, 141, 165, 164, 145, 138, 139, 140, 142, 167, 143]
138 [ 2.398786, -5.8074102, 7.012311E-9 ] [31, 32, 33, 34, 35, 36, 37, 38, 39, 66, 67, 69, 71, 72, 73, 102, 103, 104, 105, 106, 107, 132, 133, 134, 135, 136, 137, 141, 166, 168, 139, 140, 142, 167]
139 [ 2.398786, -5.8074102, 0.599697 ] [31, 32, 33, 34, 35, 36, 37, 38, 39, 66, 67, 69, 71, 72, 73, 102, 103, 104, 105, 106, 107, 132, 133, 134, 135, 136, 137, 138, 141, 168, 169, 166, 170, 140, 142, 167]
140 [ 2.398786, -5.8074102, 1.199393 ] [31, 32, 33, 34, 36, 37, 38, 39, 66, 67, 71, 72, 73, 102, 103, 104, 105, 106, 107, 133, 134, 135, 136, 137, 138, 139, 168, 169, 170, 141, 142]
141 [ 2.077617, -6.018597, 2.077617 ] [31, 32, 33, 34, 35, 36, 37, 38, 39, 40, 41, 63, 64, 66, 67, 68, 69, 70, 71, 72, 73, 74, 75, 102, 103, 104, 105, 106, 107, 108, 109, 110, 128, 129, 130, 132, 133, 134, 135, 136, 137, 138, 139, 140, 142, 143, 144, 145, 147, 168, 169, 170, 171, 172]
142 [ 2.398786, -5.8074102, 2.398786 ] [31, 32, 33, 34, 36, 37, 38, 39, 66, 67, 71, 72, 73, 102, 103, 104, 105, 106, 107, 133, 134, 135, 136, 137, 138, 139, 140, 170, 172, 141, 171]
143 [ 1.9807162, -7.3166547, 2.7860427 ] [41, 107, 108, 137, 141, 74, 128, 129, 64]
144 [ 2.583617, -3.445013, 5.167234 ] [11, 12, 22, 42, 48, 74, 86, 106, 107, 109, 110, 122, 123, 141, 172, 181, 171, 182, 183, 157]
145 [ 1.9807162, 1.1760454, -0.85365725 ] [101, 110, 121, 131, 135, 137, 111, 141, 149, 150, 179, 156, 152, 155, 168, 146, 147]
146 [ 1.9807162, 1.1760454, 0.84494257 ] [121, 145, 147, 155, 156, 168]
147 [ 1.7380161, -2.4636545, 3.0287428 ] [146, 74, 108, 110, 141, 145]
148 [ 2.583617, 4.91918, -5.167234 ] [5, 15, 29, 30, 46, 47, 65, 100, 101, 111, 113, 116, 131, 76, 149, 173, 174, 162, 163]
149 [ 1.770991, 6.6572514, -1.770991 ] [76, 77, 78, 79, 80, 81, 82, 83, 84, 85, 88, 112, 113, 114, 115, 116, 117, 118, 119, 120, 121, 145, 148, 111, 173, 175, 150, 156, 155, 154, 153, 174, 152, 151]
150 [ 1.770991, 6.6572514, -1.328243 ] [76, 77, 78, 79, 80, 81, 82, 83, 84, 85, 112, 113, 114, 115, 116, 117, 118, 119, 120, 121, 145, 149, 175, 156, 155, 154, 153, 174, 177, 179, 158, 173, 176, 152, 151]
151 [ 1.770991, 6.6572514, -0.442748 ] [76, 77, 78, 79, 80, 81, 82, 83, 84, 85, 113, 114, 115, 116, 117, 118, 119, 120, 121, 149, 150, 177, 176, 153, 178, 156, 155, 154, 152]
152 [ 1.770991, 6.6572514, -0.885496 ] [85, 125, 145, 149, 150, 114, 76, 77, 78, 79, 80, 81, 82, 83, 84, 117, 115, 113, 116, 112, 118, 119, 120, 121, 176, 175, 151, 177, 156, 155, 154, 153, 158, 173]
153 [ 1.770991, 6.6572514, 7.012311E-9 ] [76, 77, 78, 79, 80, 81, 82, 83, 84, 85, 112, 113, 114, 115, 116, 117, 118, 119, 120, 121, 124, 149, 150, 151, 152, 179, 154, 156, 155, 177, 178, 176]
154 [ 1.770991, 6.6572514, 0.442748 ] [76, 77, 78, 79, 80, 81, 82, 83, 84, 85, 112, 113, 114, 115, 116, 117, 118, 119, 120, 121, 149, 150, 151, 152, 153, 179, 155, 156, 178, 180]
155 [ 1.770991, 6.6572514, 0.885496 ] [76, 77, 78, 79, 80, 81, 82, 83, 84, 85, 112, 113, 114, 115, 116, 117, 118, 119, 120, 121, 122, 145, 146, 149, 150, 151, 152, 153, 154, 179, 156, 180, 181, 183]
156 [ 1.770991, 6.6572514, 1.770991 ] [12, 22, 48, 74, 76, 77, 78, 79, 80, 81, 82, 83, 84, 85, 86, 108, 112, 113, 114, 115, 116, 117, 118, 119, 120, 121, 122, 145, 146, 149, 150, 151, 152, 153, 154, 155, 179, 158, 171, 165, 166, 168, 169, 170, 172, 175, 181, 182, 183]
157 [ 2.583617, 4.91918, 5.167234 ] [12, 22, 42, 74, 86, 109, 110, 119, 120, 121, 122, 123, 144, 171, 172, 183, 182]
158 [ 1.7380161, 10.639245, -0.85365725 ] [48, 88, 124, 125, 150, 152, 156]
159 [ 1.7987161, 16.766144, -0.09535742 ] [49, 54, 93, 125, 126, 160, 161]
160 [ 2.526616, 17.494045, -0.7323575 ] [159, 94, 161]
161 [ 1.7077162, 17.676044, 0.90554285 ] [93, 94, 126, 159, 160]
162 [ 3.875425, -3.445013, -5.167234 ] [5, 15, 29, 30, 44, 46, 47, 65, 100, 101, 102, 104, 111, 131, 132, 133, 134, 148, 164, 173, 174, 166, 177, 178, 180, 176]
163 [ 5.167234, -3.445013, -5.167234 ] [5, 15, 29, 30, 46, 47, 65, 100, 111, 131, 132, 133, 134, 135, 148, 173, 177, 179, 180, 181, 172, 170, 169, 168, 166, 165, 164, 175, 176, 178, 183, 167, 185]
164 [ 5.167234, -3.445013, -3.875425 ] [122, 132, 134, 135, 136, 137, 162, 163, 165, 177, 178, 179, 180, 172, 170, 169, 168, 166, 174, 175, 176, 181, 183, 167]
165 [ 5.167234, -3.445013, -2.583617 ] [5, 29, 100, 111, 132, 135, 136, 137, 156, 163, 164, 173, 185, 166, 179, 172, 170, 169, 168, 175, 174, 177, 178, 180, 176, 181, 183, 167]
166 [ 5.167234, -3.445013, -1.291808 ] [135, 136, 137, 138, 139, 156, 162, 163, 164, 165, 168, 179, 172, 170, 169, 175, 174, 177, 178, 180, 176, 181, 183, 167]
167 [ 5.167234, -3.445013, 7.012311E-9 ] [137, 138, 139, 163, 164, 165, 166, 177, 178, 179, 180, 181, 183, 172, 170, 169, 168, 174, 175, 176]
168 [ 5.167234, -3.445013, 1.291808 ] [135, 138, 139, 140, 145, 146, 156, 163, 164, 165, 166, 167, 141, 169, 179, 172, 170, 175, 174, 177, 178, 180, 176, 181, 183]
169 [ 5.167234, -3.445013, 2.583617 ] [139, 140, 156, 163, 164, 165, 166, 167, 168, 141, 170, 179, 172, 175, 174, 177, 178, 180, 176, 181, 183]
170 [ 5.167234, -3.445013, 3.875425 ] [139, 140, 142, 156, 163, 164, 165, 166, 167, 168, 169, 141, 172, 179, 175, 174, 177, 178, 180, 176, 181, 183]
171 [ 3.875425, -3.445013, 5.167234 ] [11, 12, 22, 42, 74, 86, 107, 108, 109, 110, 122, 123, 142, 144, 156, 157, 141, 172, 182, 183]
172 [ 5.167234, -3.445013, 5.167234 ] [11, 12, 22, 42, 48, 74, 86, 108, 109, 110, 122, 123, 142, 144, 156, 157, 163, 164, 165, 166, 167, 168, 169, 170, 171, 141, 182, 179, 175, 174, 177, 178, 180, 176, 181, 183]
173 [ 3.875425, 4.91918, -5.167234 ] [5, 15, 29, 30, 44, 46, 47, 65, 88, 100, 101, 111, 112, 113, 116, 124, 131, 148, 149, 150, 152, 162, 163, 165, 174, 175, 176]
174 [ 5.167234, 4.91918, -5.167234 ] [5, 15, 29, 30, 44, 46, 47, 65, 100, 101, 111, 116, 122, 131, 148, 149, 150, 162, 164, 165, 166, 167, 168, 169, 170, 172, 173, 177, 178, 179, 180, 175, 181, 183]
175 [ 5.167234, 4.91918, -3.875425 ] [5, 29, 100, 111, 116, 149, 150, 152, 156, 163, 164, 165, 166, 167, 168, 169, 170, 172, 173, 174, 179, 177, 178, 180, 176, 181, 183]
176 [ 5.167234, 4.91918, -2.583617 ] [150, 151, 152, 153, 162, 163, 164, 165, 166, 167, 168, 169, 170, 172, 173, 175, 177, 179, 180, 181, 183]
177 [ 5.167234, 4.91918, -1.291808 ] [122, 150, 151, 152, 153, 162, 163, 164, 165, 166, 167, 168, 169, 170, 172, 174, 175, 176, 178, 179, 180, 181, 183]
178 [ 5.167234, 4.91918, 7.012311E-9 ] [122, 151, 153, 154, 162, 163, 164, 165, 166, 167, 168, 169, 170, 172, 174, 175, 177, 179, 180, 181, 183]
179 [ 5.167234, 4.91918, 1.291808 ] [145, 150, 153, 154, 155, 156, 163, 164, 165, 166, 167, 168, 169, 170, 172, 174, 175, 176, 177, 178, 180, 181, 183]
180 [ 5.167234, 4.91918, 2.583617 ] [12, 74, 109, 110, 122, 154, 155, 162, 163, 164, 165, 166, 167, 168, 169, 170, 172, 174, 175, 176, 177, 178, 179, 22, 181, 183]
181 [ 5.167234, 4.91918, 3.875425 ] [86, 144, 155, 156, 163, 164, 165, 166, 167, 168, 169, 170, 172, 174, 175, 176, 177, 178, 179, 180, 183]
182 [ 3.875425, 4.91918, 5.167234 ] [12, 22, 42, 74, 86, 109, 110, 119, 121, 122, 123, 144, 156, 157, 171, 172, 183]
183 [ 5.167234, 4.91918, 5.167234 ] [12, 22, 42, 48, 74, 86, 109, 110, 119, 121, 122, 123, 144, 155, 156, 157, 163, 164, 165, 166, 167, 168, 169, 170, 171, 172, 174, 175, 176, 177, 178, 179, 180, 181, 182]
184 [ 8.041817, -4.2950544, -10.782757 ] [29, 185, 191, 186, 187, 194]
185 [ 7.7139163, -5.0743546, -10.472057 ] [44, 131, 165, 184, 163, 193, 187]
186 [ 9.0690155, -4.9221544, -11.157957 ] [184, 191, 192]
187 [ 7.558216, -5.8344545, -8.550056 ] [185, 184, 194]
188 [ 7.9597163, 2.3037453, 17.043343 ] [87, 195]
189 [ 8.608016, 2.019145, 18.564043 ] [190, 195]
190 [ 8.398816, 2.099945, 18.234642 ] [189, 195]
191 [ 9.230917, -4.7621546, -11.027956 ] [184, 186, 194, 192]
192 [ 9.252417, -5.145755, -11.110956 ] [186, 191, 193]
193 [ 10.130917, -6.7571545, -10.882057 ] [185, 192]
194 [ 10.361015, -7.237855, -10.048656 ] [187, 191, 184]
195 [ 9.539415, 4.411145, 19.750843 ] [188, 189, 190]