# 3ds Max Wavefront OBJ Exporter v0.97b - (c)2007 guruware
# 创建的文件:26.03.2015 02:48:04

#
# object Box20
#

v  -0.6682 0.9791 37.7383
v  0.4128 0.9791 37.7383
v  -0.6682 0.9791 37.1400
v  0.4128 0.9791 37.1400
v  -0.6682 4.8230 37.7383
v  0.4128 4.8230 37.7383
v  -0.6682 4.8230 37.1400
v  0.4128 4.8230 37.1400
v  -0.4323 4.9230 37.6525
v  0.1768 4.9230 37.6525
v  0.1768 4.9230 37.2258
v  -0.4323 4.9230 37.2258
v  -0.4847 5.6730 37.6964
v  0.2292 5.6730 37.6964
v  0.2292 5.6730 37.1819
v  -0.4847 5.6730 37.1819
v  -0.3071 7.1230 37.5679
v  0.0516 7.1230 37.5679
v  0.0516 7.1230 37.3104
v  -0.3071 7.1230 37.3104
v  -0.3871 7.1330 37.6725
v  0.1316 7.1330 37.6725
v  0.1316 7.1330 37.2058
v  -0.3871 7.1330 37.2058
v  -0.3871 7.2959 37.6725
v  0.1316 7.2959 37.6725
v  0.1316 7.2959 37.2058
v  -0.3871 7.2959 37.2058
v  -0.4171 4.9330 37.6477
v  0.1616 4.9330 37.6477
v  0.1616 4.9330 37.2306
v  -0.4171 4.9330 37.2306
v  -0.3071 5.6830 37.5377
v  0.0516 5.6830 37.5377
v  0.0516 5.6830 37.3406
v  -0.3071 5.6830 37.3406
v  -0.3171 7.1330 37.5810
v  0.0616 7.1330 37.5810
v  0.0616 7.1330 37.2973
v  -0.3171 7.1330 37.2973
v  0.1891 2.9642 37.7383
v  -0.6682 2.9642 37.1400
v  -0.6682 2.9642 37.7383
v  -0.6380 2.9642 37.7383
v  -0.6682 2.9642 37.7030
v  -0.6682 2.9642 37.6282
v  -0.5170 2.9642 37.7383
v  -0.5170 2.9642 37.7383
v  -0.5815 2.9642 37.7383
v  -0.6682 2.9642 37.6282
v  -0.6682 2.9642 37.5254
v  -0.6682 2.9642 37.5254
v  -0.4304 2.9642 37.7383
v  -0.4304 2.9642 37.7383
v  -0.6682 2.9642 37.3465
v  -0.6682 2.9642 37.3465
v  -0.3632 2.9642 37.7383
v  -0.3632 2.9642 37.7383
v  -0.6682 2.9642 37.1590
v  -0.6682 2.9642 37.1590
v  -0.2684 2.9642 37.7383
v  -0.2684 2.9642 37.7383
v  -0.1681 2.9642 37.7383
v  -0.1681 2.9642 37.7383
v  0.0001 2.9642 37.7383
v  0.0001 2.9642 37.7383
v  0.0945 2.9642 37.7383
v  -3.1944 8.3354 37.4392
v  -1.7404 4.5901 37.4392
v  -1.6941 10.5730 38.0896
v  -2.9607 8.3354 38.6143
v  -2.1235 9.1961 39.4390
v  -2.1064 6.7058 39.4219
v  -0.7424 4.5901 38.9328
v  -0.6477 3.0768 38.7041
v  -0.1237 10.5730 39.1389
v  -0.1237 9.1961 40.2673
v  -0.1237 6.7058 40.2431
v  0.4002 3.0768 38.7041
v  1.8590 6.7058 39.4219
v  1.0194 4.5901 38.5823
v  1.4466 10.5730 38.0896
v  2.4891 9.1961 38.5214
v  1.1412 3.0768 37.9631
v  1.2454 3.0768 37.4392
v  2.4668 6.7058 36.3661
v  1.3699 4.5901 36.8205
v  0.6637 10.8740 36.6517
v  1.8761 9.1961 35.4394
v  0.8444 3.0768 36.4711
v  0.4002 3.0768 36.1743
v  -0.1237 9.1961 34.6110
v  -0.1237 6.7058 34.6352
v  -0.1237 4.5901 35.8225
v  -0.7742 10.5730 35.8688
v  -1.2060 9.1961 34.8263
v  -0.6477 3.0768 36.1743
v  -2.1064 6.7058 35.4565
v  -2.7366 9.1961 36.3569
v  -2.7142 6.7058 36.3661
v  -1.5328 4.2068 36.8555
v  -1.3226 2.9798 36.9426
v  -3.1647 8.3315 37.4392
v  -1.4006 3.0015 37.4392
v  -1.6779 10.5486 38.0829
v  -2.9332 8.3315 38.6029
v  -1.7687 5.0796 38.1205
v  -2.1041 9.1840 39.4195
v  -2.0870 6.7180 39.4025
v  -0.8051 5.0796 39.0841
v  -0.1237 10.5486 39.1214
v  -0.1237 9.1840 40.2398
v  -0.1237 6.7180 40.2157
v  0.5576 5.0796 39.0841
v  1.8396 6.7180 39.4025
v  1.4304 10.5486 38.0829
v  2.4638 9.1840 38.5109
v  1.5212 5.0796 38.1205
v  2.6528 6.7180 37.4392
v  1.1532 3.0015 37.4392
v  1.5212 5.0796 36.7578
v  0.6563 10.8459 36.6591
v  1.8566 9.1840 35.4588
v  1.8396 6.7180 35.4759
v  0.5576 5.0796 35.7942
v  -0.1237 9.1840 34.6385
v  -0.1237 6.7180 34.6626
v  -0.1237 3.0015 36.1623
v  -0.7675 10.5486 35.8850
v  -1.1955 9.1840 34.8517
v  -0.8051 5.0796 35.7942
v  -0.6124 3.0015 36.2595
v  -1.0266 3.0015 36.5363
v  -2.7112 9.1840 36.3674
v  -2.6889 6.7180 36.3766
v  -1.7687 5.0796 36.7578
v  -0.2349 2.9642 36.2821
v  -1.2145 2.9642 37.9523
v  -1.2096 2.9642 37.8889
v  -1.2991 2.9642 37.4392
v  -1.2208 2.9642 36.9848
v  -1.2828 2.9642 37.1519
v  0.0868 2.9642 38.5786
v  -0.5735 2.9642 38.5251
v  -0.9548 2.9642 38.2703
v  -0.1237 2.9642 38.6145
v  0.8294 2.9642 38.1013
v  0.7074 2.9642 38.2703
v  0.9621 2.9642 37.8889
v  0.3355 2.9642 38.5305
v  0.3260 2.9642 38.5251
v  1.0459 2.9642 37.4107
v  1.0488 2.9642 37.4535
v  0.3394 2.9642 36.3531
v  -0.1139 2.9642 36.3665
v  1.0028 2.9642 37.2589
v  0.7128 2.9642 36.6027
v  0.7074 2.9642 36.6081
v  0.9621 2.9642 36.9894
v  1.1192 1.1900 37.6619
v  1.0791 1.2090 38.0521
v  0.4892 1.2471 38.6420
v  -0.1237 1.2756 38.7892
v  -0.7366 1.3041 38.6420
v  -1.2159 1.3327 38.2327
v  -1.4571 1.3612 37.6504
v  -1.4077 1.3897 37.0220
v  -1.0783 1.4183 36.4846
v  -0.5409 1.4468 36.1552
v  0.0875 1.4754 36.1058
v  0.6698 1.5039 36.3470
v  1.0791 1.5324 36.8263
v  1.2263 1.5610 37.4392
v  1.0791 1.5895 38.0521
v  0.6698 1.6180 38.5313
v  0.0875 1.6466 38.7725
v  -0.5409 1.6751 38.7231
v  -1.0783 1.7037 38.3938
v  -1.4077 1.7322 37.8563
v  -1.4571 1.7607 37.2280
v  -1.2159 1.7893 36.6457
v  -0.7366 1.8178 36.2363
v  -0.1237 1.8463 36.0892
v  0.4892 1.8749 36.2363
v  0.9684 1.9034 36.6457
v  1.2096 1.9320 37.2280
v  1.1602 1.9605 37.8563
v  0.8309 1.9890 38.3938
v  0.2934 2.0176 38.7231
v  -0.3349 2.0461 38.7725
v  -0.9172 2.0746 38.5313
v  -1.3266 2.1032 38.0520
v  -1.4737 2.1317 37.4392
v  -1.3266 2.1603 36.8263
v  -0.9172 2.1888 36.3470
v  -0.3349 2.2173 36.1058
v  0.2934 2.2459 36.1552
v  0.8309 2.2744 36.4846
v  1.1602 2.3030 37.0220
v  1.2096 2.3315 37.6504
v  0.8309 2.3695 38.3938
v  0.0875 2.4076 38.7725
v  -0.5409 2.4361 38.7231
v  -1.0783 2.4647 38.3938
v  -1.4077 2.4932 37.8563
v  -1.4571 2.5217 37.2280
v  -1.2159 2.5503 36.6457
v  -0.7366 2.5788 36.2363
v  -0.1237 2.6074 36.0892
v  0.4892 2.6359 36.2363
v  0.9684 2.6644 36.6457
v  1.0991 2.6745 37.0109
v  1.0175 2.9070 37.8100
v  0.5816 2.9070 38.4100
v  -0.1237 2.9070 38.6392
v  -0.8291 2.9070 38.4100
v  -1.2650 2.9070 37.8100
v  -1.3237 2.9070 37.4392
v  -1.0946 2.9070 36.7338
v  -0.8291 2.9070 36.4683
v  -0.1237 2.9070 36.2392
v  0.2471 2.9070 36.2979
v  0.5816 2.9070 36.4683
v  0.8471 2.9070 36.7338
v  1.0175 2.9070 37.0683
v  0.5816 1.1174 38.4100
v  -0.1237 1.1554 38.6392
v  -0.8291 1.1935 38.4100
v  -1.2650 1.2315 37.8100
v  -1.2650 1.2696 37.0683
v  -0.8291 1.3076 36.4683
v  -0.1237 1.3457 36.2392
v  0.5816 1.3837 36.4683
v  1.0175 1.4218 37.0683
v  1.0615 1.4503 37.6269
v  0.8471 1.4789 38.1445
v  0.4211 1.5074 38.5084
v  -0.1237 1.5359 38.6392
v  -0.6685 1.5645 38.5084
v  -1.0946 1.5930 38.1445
v  -1.3090 1.6216 37.6269
v  -1.2650 1.6501 37.0683
v  -0.9723 1.6786 36.5906
v  -0.4946 1.7072 36.2979
v  0.0640 1.7357 36.2539
v  0.5816 1.7642 36.4683
v  0.9455 1.7928 36.8944
v  1.0763 1.8213 37.4392
v  0.9455 1.8499 37.9840
v  0.5816 1.8784 38.4100
v  0.0640 1.9069 38.6244
v  -0.4946 1.9355 38.5804
v  -0.9723 1.9640 38.2877
v  -1.2650 1.9925 37.8100
v  -1.3090 2.0211 37.2514
v  -1.0946 2.0496 36.7338
v  -0.6685 2.0782 36.3700
v  -0.1237 2.1067 36.2392
v  0.4211 2.1352 36.3700
v  0.8471 2.1638 36.7338
v  1.0615 2.1923 37.2514
v  1.0175 2.2208 37.8100
v  0.7248 2.2494 38.2877
v  0.2471 2.2779 38.5804
v  -0.3115 2.3065 38.6244
v  -0.8291 2.3350 38.4100
v  -1.1929 2.3635 37.9840
v  -1.3237 2.3921 37.4392
v  -1.1929 2.4206 36.8944
v  -0.8291 2.4492 36.4683
v  -0.3115 2.4777 36.2539
v  0.2471 2.5062 36.2979
v  0.7248 2.5348 36.5906
v  1.0175 2.6058 37.0683
v  1.0615 1.2460 37.6269
v  0.9455 1.3292 37.9840
v  0.5816 1.3577 38.4100
v  0.0640 1.3862 38.6244
v  -0.4946 1.4148 38.5804
v  -0.9723 1.4433 38.2877
v  -1.2650 1.4718 37.8100
v  -1.3090 1.5004 37.2514
v  -1.0946 1.5289 36.7338
v  -0.6685 1.5575 36.3700
v  -0.1237 1.5860 36.2392
v  0.4211 1.6145 36.3700
v  0.8471 1.6431 36.7338
v  1.0615 1.6716 37.2514
v  1.0175 1.7001 37.8100
v  0.7248 1.7287 38.2877
v  0.2471 1.7572 38.5804
v  -0.3115 1.7858 38.6244
v  -0.8291 1.8143 38.4100
v  -1.1929 1.8428 37.9840
v  -1.3237 1.8714 37.4392
v  -1.1929 1.8999 36.8944
v  -0.8291 1.9285 36.4683
v  -0.3115 1.9570 36.2539
v  0.2471 1.9855 36.2979
v  0.7248 2.0141 36.5906
v  1.0175 2.0426 37.0683
v  1.0615 2.0711 37.6269
v  0.8471 2.0997 38.1445
v  0.4211 2.1282 38.5084
v  -0.1237 2.1568 38.6392
v  -0.6685 2.1853 38.5084
v  -1.0946 2.2138 38.1445
v  -1.3090 2.2424 37.6269
v  -1.2650 2.2709 37.0683
v  -0.9723 2.2994 36.5906
v  -0.4946 2.3280 36.2979
v  0.0640 2.3565 36.2539
v  0.5816 2.3851 36.4683
v  0.9455 2.4136 36.8944
v  1.0763 2.4421 37.4392
v  0.8471 2.4802 38.1445
v  0.2471 2.5182 38.5804
v  -0.4946 2.5563 38.5804
v  -1.0946 2.5943 38.1445
v  -1.3237 2.6324 37.4392
v  -1.1929 2.6609 36.8944
v  -0.8291 2.6895 36.4683
v  -0.3115 2.7180 36.2539
v  0.2471 2.7465 36.2979
v  0.5816 2.7656 36.4683
v  0.8471 2.7846 36.7338
v  1.0377 2.6755 37.1525
v  1.0683 1.1559 37.5406
v  1.0615 1.1108 37.6269
v  1.1183 2.9233 37.2425
v  1.1338 2.9233 37.4392
v  1.1183 2.9233 37.6359
v  1.0722 2.9233 37.8278
v  0.9967 2.9233 38.0101
v  0.8936 2.9233 38.1783
v  0.7655 2.9233 38.3283
v  0.6154 2.9233 38.4565
v  0.4472 2.9233 38.5596
v  0.2649 2.9233 38.6351
v  0.0730 2.9233 38.6812
v  -0.1237 2.9233 38.6967
v  -0.3204 2.9233 38.6812
v  -0.5123 2.9233 38.6351
v  -0.6946 2.9233 38.5596
v  -0.8629 2.9233 38.4565
v  -1.0129 2.9233 38.3283
v  -1.1411 2.9233 38.1783
v  -1.2442 2.9233 38.0101
v  -1.3197 2.9233 37.8277
v  -1.3657 2.9233 37.6359
v  -1.3812 2.9233 37.4392
v  -1.3657 2.9233 37.2424
v  -1.3197 2.9233 37.0506
v  -1.2442 2.9233 36.8683
v  -1.1411 2.9233 36.7000
v  -1.0129 2.9233 36.5500
v  -0.8629 2.9233 36.4218
v  -0.6946 2.9233 36.3187
v  -0.5123 2.9233 36.2432
v  -0.3204 2.9233 36.1972
v  -0.1237 2.9233 36.1817
v  0.0730 2.9233 36.1972
v  0.2649 2.9233 36.2432
v  0.4472 2.9233 36.3187
v  0.6154 2.9233 36.4218
v  0.7655 2.9233 36.5500
v  0.8936 2.9233 36.7000
v  0.9967 2.9233 36.8683
v  1.0722 2.9233 37.0506
v  1.1183 2.9642 37.2425
v  1.1338 2.9642 37.4392
v  1.1183 2.9642 37.6359
v  1.0722 2.9642 37.8278
v  0.9967 2.9642 38.0101
v  0.8936 2.9642 38.1783
v  0.7655 2.9642 38.3283
v  0.6154 2.9642 38.4565
v  0.4472 2.9642 38.5596
v  0.2649 2.9642 38.6351
v  0.0730 2.9642 38.6812
v  -0.1237 2.9642 38.6967
v  -0.3204 2.9642 38.6812
v  -0.5123 2.9642 38.6351
v  -0.6946 2.9642 38.5596
v  -0.8629 2.9642 38.4565
v  -1.0129 2.9642 38.3283
v  -1.1411 2.9642 38.1783
v  -1.2442 2.9642 38.0101
v  -1.3197 2.9642 37.8277
v  -1.3657 2.9642 37.6359
v  -1.3812 2.9642 37.4392
v  -1.3657 2.9642 37.2424
v  -1.3197 2.9642 37.0506
v  -1.2442 2.9642 36.8683
v  -1.1411 2.9642 36.7000
v  -1.0129 2.9642 36.5500
v  -0.8629 2.9642 36.4218
v  -0.6946 2.9642 36.3187
v  -0.5123 2.9642 36.2432
v  -0.3204 2.9642 36.1972
v  -0.1237 2.9642 36.1817
v  0.0730 2.9642 36.1972
v  0.2649 2.9642 36.2432
v  0.4472 2.9642 36.3187
v  0.6154 2.9642 36.4218
v  0.7655 2.9642 36.5500
v  0.8936 2.9642 36.7000
v  0.9967 2.9642 36.8683
v  1.0722 2.9642 37.0506
v  0.7248 0.7675 38.2877
v  0.0640 0.7675 38.6244
v  -0.6685 0.7675 38.5084
v  -1.1929 0.7675 37.9840
v  -1.3090 0.7676 37.2514
v  -0.9723 0.7676 36.5906
v  0.0640 0.7676 36.2539
v  0.9455 0.7676 36.8944
v  1.0615 0.7676 37.6269
v  -0.0611 0.1902 37.5621
v  -0.1237 0.1633 37.5270
v  -0.2073 0.1633 37.4120
v  -0.0901 0.1429 37.4563
v  0.4298 0.5667 37.7212
v  0.2414 0.5667 37.9418
v  -0.0265 0.5667 38.0528
v  -0.3157 0.5667 38.0300
v  -0.5630 0.5667 37.8784
v  -0.7146 0.5667 37.6311
v  -0.7373 0.5667 37.3420
v  -0.6263 0.5667 37.0740
v  -0.4058 0.5667 36.8856
v  -0.1237 0.5667 36.8179
v  0.1583 0.5667 36.8856
v  0.3789 0.5667 37.0740
v  0.4975 0.5667 37.4392
v  0.4104 0.4741 37.8272
v  0.1760 0.4741 38.0274
v  -0.1237 0.4741 38.0994
v  -0.4235 0.4741 38.0274
v  -0.6578 0.4741 37.8272
v  -0.7758 0.4741 37.5424
v  -0.7516 0.4741 37.2352
v  -0.5906 0.4741 36.9723
v  -0.3277 0.4741 36.8113
v  -0.0205 0.4741 36.7871
v  0.2643 0.4741 36.9051
v  0.4645 0.4741 37.1394
v  0.5283 0.4741 37.5424
v  0.5365 0.4741 37.4392
v  0.4246 0.4837 37.8376
v  0.1840 0.4837 38.0431
v  -0.1237 0.4837 38.1170
v  -0.4314 0.4837 38.0431
v  -0.6721 0.4837 37.8376
v  -0.7932 0.4837 37.5452
v  -0.7684 0.4837 37.2297
v  -0.6030 0.4837 36.9599
v  -0.3332 0.4837 36.7945
v  -0.0177 0.4837 36.7697
v  0.2747 0.4837 36.8908
v  0.4802 0.4837 37.1314
v  0.5457 0.4837 37.5452
v  0.5541 0.4837 37.4392
v  -1.3788 2.9642 37.4445
v  -1.1411 2.9642 38.0255
v  -1.2145 2.9642 37.9523
v  -1.2787 2.9642 37.8920
v  0.0874 2.9642 38.5802
v  0.8293 2.9642 38.1015
v  0.9693 2.9642 37.8919
v  1.0591 2.9642 37.4295
v  0.8528 2.9642 36.8121
v  0.7128 2.9642 36.6026
v  0.3358 2.9642 36.3498
v  -1.2128 2.9642 36.9262
v  -0.9748 2.9642 36.6609
v  -1.3778 2.9642 37.4287
v  -1.2867 2.9641 36.9740
v  -1.2096 2.9642 37.8889
v  -1.0385 2.9642 38.1450
v  0.7074 2.9642 38.2703
v  0.9621 2.9642 37.8889
v  1.0488 2.9642 37.4535
v  1.0328 2.9642 37.3444
v  1.0206 2.9642 37.2834
v  1.0459 2.9642 37.4107
v  0.9621 2.9642 36.9894
v  0.9451 2.9642 36.9640
v  0.7074 2.9642 36.6081
v  0.3260 2.9642 36.3533
v  0.2315 2.9642 36.3345
v  -0.1237 2.9642 36.2638
v  -0.5735 2.9642 36.3533
v  -0.9553 2.9642 36.6078
v  -1.1754 2.9642 36.8859
v  -1.2208 2.9642 36.9848
v  -1.2797 2.9642 37.1522
v  -1.2999 2.9642 37.4392
v  -0.4359 2.9642 38.5444
v  -0.3430 2.9642 38.5519
v  -0.2593 2.9642 38.5544
v  -0.2481 2.9642 38.5552
v  -0.2347 2.9642 38.5561
v  -0.2190 2.9642 38.5572
v  -0.2050 2.9642 38.5582
v  -0.1928 2.9642 38.5590
v  -0.1832 2.9642 38.5597
v  -0.1717 2.9642 38.5605
v  -0.1581 2.9642 38.5615
v  -0.1460 2.9642 38.5623
v  0.0967 2.9642 38.5767
v  0.1058 2.9642 38.5750
v  0.1138 2.9642 38.5734
v  -0.3237 2.9642 36.3036
v  -0.2582 2.9642 36.2906
v  -0.2840 2.9642 36.2919
v  -1.0315 2.9642 36.7003
v  0.4128 2.9642 37.7383
v  -0.6682 2.9642 37.7383
v  -0.5815 2.9642 37.7383
v  0.4128 2.9642 37.7383
v  0.4128 2.9642 37.1400
v  0.4128 2.9642 37.1400
v  -0.6682 2.9642 37.1495
v  -0.5157 2.9642 37.1400
v  -0.6682 2.9642 37.1400
v  -0.6607 2.9641 37.7207
v  -0.6682 2.9642 37.6282
v  -0.3430 2.9642 38.5519
v  -0.4359 2.9642 38.5444
v  -0.3430 2.9642 38.5519
v  -0.6477 3.0768 38.7041
v  -0.6477 3.0768 38.7041
v  -0.3430 2.9642 38.5519
# 534 vertices

g Box20
f 25 26 27 28 
f 8 6 4 
f 5 7 42 60 
f 5 60 56 52 
f 5 52 46 45 
f 5 45 43 
f 29 30 14 13 
f 30 31 15 14 
f 31 32 16 15 
f 32 29 13 16 
f 13 14 34 33 
f 14 15 35 34 
f 15 16 36 35 
f 16 13 33 36 
f 33 34 18 17 
f 34 35 19 18 
f 35 36 20 19 
f 36 33 17 20 
f 37 38 22 21 
f 38 39 23 22 
f 39 40 24 23 
f 40 37 21 24 
f 21 22 26 25 
f 22 23 27 26 
f 23 24 28 27 
f 24 21 25 28 
f 29 9 10 30 
f 30 10 11 31 
f 31 11 12 32 
f 32 12 9 29 
f 37 17 18 38 
f 38 18 19 39 
f 39 19 20 40 
f 40 20 17 37 
f 9 5 6 10 
f 10 6 8 11 
f 11 8 7 12 
f 12 7 5 9 
f 2 1 3 
f 3 4 2 
f 5 43 44 47 
f 5 47 53 57 
f 5 57 61 63 
f 5 63 65 67 
f 5 67 41 6 
f 2 4 6 41 
f 59 42 3 55 
f 51 55 3 50 
f 45 50 3 1 
f 45 1 43 
f 4 3 42 
f 60 42 59 56 
f 50 45 46 51 
f 51 46 52 55 
f 55 52 56 59 
f 41 67 66 
f 47 44 49 48 
f 53 47 48 54 
f 57 53 54 58 
f 61 57 58 62 
f 63 61 62 64 
f 65 63 64 66 
f 67 65 66 
f 4 42 7 8 
f 44 43 1 49 
f 48 49 1 54 
f 58 54 1 62 
f 64 62 1 66 
f 66 1 41 
f 41 1 2 
f 70 68 71 
f 73 71 68 100 
f 100 101 69 73 
f 138 69 102 
f 72 76 70 
f 70 71 72 
f 73 72 71 
f 74 78 73 69 
f 69 138 75 74 
f 78 77 72 73 
f 75 138 500 
f 76 72 77 
f 79 81 74 75 
f 80 83 77 78 
f 81 80 78 74 
f 83 82 76 77 
f 81 79 84 
f 75 500 499 
f 70 76 82 
f 83 80 86 
f 81 86 80 
f 86 81 87 
f 85 87 81 84 
f 147 85 84 
f 89 88 82 83 
f 86 89 83 
f 87 85 90 
f 90 85 156 
f 70 82 88 
f 89 86 93 
f 87 93 86 
f 90 156 157 
f 93 87 94 
f 91 94 87 90 
f 90 157 154 91 
f 92 95 88 89 
f 93 92 89 
f 97 101 94 91 
f 70 88 95 
f 95 92 96 
f 98 96 92 93 
f 94 98 93 
f 98 94 101 
f 95 96 99 
f 100 99 96 98 
f 98 101 100 
f 102 101 97 
f 95 99 70 
f 99 100 68 70 
f 102 69 101 
f 106 103 105 
f 103 106 109 135 
f 135 109 107 136 
f 136 107 139 104 
f 139 140 104 
f 105 111 108 
f 108 106 105 
f 106 108 109 
f 139 107 145 
f 109 113 110 107 
f 144 145 107 110 
f 112 108 111 
f 108 112 113 109 
f 146 144 110 
f 113 115 114 110 
f 110 114 151 146 
f 111 116 117 112 
f 112 117 115 113 
f 148 151 114 
f 116 111 105 
f 115 119 118 114 
f 114 118 149 148 
f 117 123 119 115 
f 120 149 118 
f 120 159 152 
f 116 122 123 117 
f 119 124 121 118 
f 118 121 159 120 
f 122 116 105 
f 124 119 123 
f 158 159 121 
f 124 127 125 121 
f 121 125 128 158 
f 155 158 128 
f 122 129 126 123 
f 123 126 127 124 
f 129 122 105 
f 130 126 129 
f 126 130 127 
f 127 135 131 125 
f 125 131 132 128 
f 514 515 516 
f 135 127 130 
f 133 132 131 
f 493 132 133 494 
f 134 130 129 
f 130 134 135 
f 136 133 131 135 
f 141 476 517 
f 105 134 129 
f 103 135 134 105 
f 141 136 104 142 
f 142 104 140 
f 328 417 234 235 
f 235 236 276 275 
f 236 237 277 276 
f 237 238 278 277 
f 238 239 279 278 
f 239 240 280 279 
f 240 241 281 280 
f 241 242 282 281 
f 242 243 283 282 
f 243 244 284 283 
f 244 245 285 284 
f 245 246 286 285 
f 246 247 287 286 
f 247 248 288 287 
f 248 249 289 288 
f 249 250 290 289 
f 250 251 291 290 
f 251 252 292 291 
f 252 253 293 292 
f 253 254 294 293 
f 254 255 295 294 
f 255 256 296 295 
f 256 257 297 296 
f 257 258 298 297 
f 258 259 299 298 
f 259 260 300 299 
f 260 261 301 300 
f 261 262 302 301 
f 262 263 303 302 
f 263 264 304 303 
f 264 265 305 304 
f 265 266 306 305 
f 266 267 307 306 
f 267 268 308 307 
f 268 269 309 308 
f 269 270 310 309 
f 270 271 311 310 
f 271 272 312 311 
f 272 273 313 312 
f 273 274 314 313 
f 274 327 315 314 
f 225 315 327 
f 225 213 315 
f 316 315 213 
f 213 214 316 
f 317 316 214 
f 214 215 317 
f 215 343 318 317 
f 343 216 318 
f 216 347 319 318 
f 347 217 319 
f 217 218 320 319 
f 218 219 321 320 
f 219 220 322 321 
f 220 221 323 322 
f 221 222 324 323 
f 222 223 325 324 
f 223 224 326 325 
f 224 225 327 326 
f 328 235 275 
f 329 226 418 
f 410 418 226 
f 226 227 411 410 
f 227 228 412 411 
f 228 229 413 412 
f 229 230 414 413 
f 230 231 415 414 
f 231 232 415 
f 416 415 232 
f 232 233 416 
f 233 234 417 416 
f 418 417 328 329 
f 161 226 329 
f 226 162 227 
f 227 163 228 
f 228 163 164 
f 165 229 228 164 
f 166 230 229 165 
f 230 167 231 
f 231 167 168 
f 169 232 231 168 
f 170 233 232 169 
f 233 171 234 
f 234 171 172 
f 173 235 234 172 
f 174 236 235 173 
f 175 237 236 174 
f 176 238 237 175 
f 177 239 238 176 
f 178 240 239 177 
f 179 241 240 178 
f 180 242 241 179 
f 181 243 242 180 
f 182 244 243 181 
f 183 245 244 182 
f 184 246 245 183 
f 185 247 246 184 
f 186 248 247 185 
f 187 249 248 186 
f 188 250 249 187 
f 189 251 250 188 
f 190 252 251 189 
f 191 253 252 190 
f 192 254 253 191 
f 193 255 254 192 
f 194 256 255 193 
f 195 257 256 194 
f 196 258 257 195 
f 197 259 258 196 
f 198 260 259 197 
f 199 261 260 198 
f 200 262 261 199 
f 201 263 262 200 
f 201 264 263 
f 264 202 265 
f 203 266 265 202 
f 204 267 266 203 
f 205 268 267 204 
f 206 269 268 205 
f 207 270 269 206 
f 208 271 270 207 
f 209 272 271 208 
f 210 273 272 209 
f 211 274 273 210 
f 274 211 212 
f 274 212 327 
f 275 161 160 
f 161 275 276 
f 277 162 161 276 
f 278 163 162 277 
f 279 164 163 278 
f 280 165 164 279 
f 281 166 165 280 
f 282 167 166 281 
f 283 168 167 282 
f 284 169 168 283 
f 285 170 169 284 
f 286 171 170 285 
f 287 172 171 286 
f 288 173 172 287 
f 289 174 173 288 
f 290 175 174 289 
f 291 176 175 290 
f 292 177 176 291 
f 293 178 177 292 
f 294 179 178 293 
f 295 180 179 294 
f 296 181 180 295 
f 297 182 181 296 
f 298 183 182 297 
f 299 184 183 298 
f 300 185 184 299 
f 301 186 185 300 
f 302 187 186 301 
f 303 188 187 302 
f 304 189 188 303 
f 305 190 189 304 
f 306 191 190 305 
f 307 192 191 306 
f 308 193 192 307 
f 309 194 193 308 
f 310 195 194 309 
f 311 196 195 310 
f 312 197 196 311 
f 313 198 197 312 
f 314 199 198 313 
f 315 200 199 314 
f 316 201 200 315 
f 317 202 201 316 
f 318 203 202 317 
f 203 318 319 204 
f 319 205 204 
f 320 206 205 319 
f 321 207 206 320 
f 322 208 207 321 
f 323 209 208 322 
f 324 210 209 323 
f 325 211 210 324 
f 211 325 326 
f 212 211 326 
f 327 212 326 
f 160 161 329 
f 275 160 328 
f 328 160 329 
f 330 331 225 
f 331 332 225 
f 213 225 332 333 
f 333 334 213 
f 334 335 213 
f 335 336 213 
f 214 213 336 337 
f 337 338 214 
f 338 339 214 
f 339 340 214 
f 215 214 340 341 
f 341 342 215 
f 343 215 342 
f 216 343 344 345 
f 345 346 216 
f 347 216 346 
f 217 347 348 349 
f 349 350 217 
f 218 217 350 351 
f 351 352 218 
f 352 353 218 
f 353 354 218 
f 219 218 354 355 
f 355 356 219 
f 220 219 356 357 
f 357 358 220 
f 358 359 220 
f 359 360 220 
f 221 220 360 361 
f 361 362 221 
f 222 221 362 363 
f 363 364 222 
f 223 222 364 365 
f 365 366 223 
f 224 223 366 367 
f 367 368 224 
f 225 224 368 369 
f 369 330 225 
f 331 330 370 371 
f 332 331 371 372 
f 333 332 372 373 
f 334 333 373 374 
f 335 334 374 375 
f 336 335 375 376 
f 337 336 376 377 
f 338 337 377 378 
f 339 338 378 379 
f 340 339 379 380 
f 341 340 380 381 
f 342 341 381 382 
f 343 342 382 383 
f 344 343 383 384 
f 345 344 384 385 
f 346 345 385 386 
f 347 346 386 387 
f 348 347 387 388 
f 350 349 389 390 
f 351 350 390 391 
f 352 351 391 392 
f 353 352 392 393 
f 355 354 394 395 
f 356 355 395 396 
f 357 356 396 397 
f 358 357 397 398 
f 359 358 398 399 
f 360 359 399 400 
f 361 360 400 401 
f 362 361 401 402 
f 363 362 402 403 
f 364 363 403 404 
f 365 364 404 405 
f 366 365 405 406 
f 367 366 406 407 
f 368 367 407 408 
f 369 368 408 409 
f 330 369 409 370 
f 418 450 462 
f 450 418 410 
f 411 451 450 410 
f 411 452 451 
f 452 411 412 453 
f 453 412 413 
f 413 454 453 
f 414 455 454 413 
f 414 456 455 
f 456 414 415 457 
f 415 458 457 
f 458 415 416 459 
f 416 460 459 
f 460 416 417 461 
f 419 420 422 
f 421 422 420 
f 419 422 448 436 
f 461 417 463 
f 462 463 417 418 
f 436 437 419 
f 437 438 419 
f 420 419 438 439 
f 439 440 420 
f 421 420 440 441 
f 441 442 421 
f 442 443 421 
f 443 444 421 
f 422 421 444 445 
f 445 446 422 
f 446 447 422 
f 447 449 422 
f 448 422 449 
f 423 462 450 
f 450 424 423 
f 424 450 451 
f 451 425 424 
f 425 451 452 
f 452 426 425 
f 426 452 453 
f 453 427 426 
f 427 453 454 
f 454 428 427 
f 428 454 455 
f 455 429 428 
f 429 455 456 
f 456 430 429 
f 430 456 457 
f 457 431 430 
f 431 457 458 
f 458 432 431 
f 432 458 459 
f 459 433 432 
f 433 459 460 
f 460 434 433 
f 434 460 461 
f 461 435 434 
f 435 461 463 
f 462 423 435 
f 435 463 462 
f 423 436 448 
f 436 423 424 
f 424 437 436 
f 437 424 425 
f 425 438 437 
f 438 425 426 
f 426 439 438 
f 439 426 427 
f 427 440 439 
f 440 427 428 
f 428 441 440 
f 441 428 429 
f 429 442 441 
f 442 429 430 
f 430 443 442 
f 443 430 431 
f 431 444 443 
f 444 431 432 
f 432 445 444 
f 445 432 433 
f 433 446 445 
f 446 433 434 
f 434 447 446 
f 447 434 435 
f 435 449 447 
f 448 435 423 
f 435 448 449 
f 370 409 371 
f 409 408 407 
f 407 406 405 
f 405 404 403 
f 407 405 403 
f 403 402 401 
f 401 400 399 
f 403 401 399 
f 399 398 397 
f 397 396 395 
f 399 397 395 
f 395 394 478 
f 393 392 391 
f 393 391 477 478 
f 391 390 389 
f 389 388 467 
f 467 464 391 389 
f 387 386 385 
f 385 384 383 
f 387 385 383 
f 383 382 381 
f 381 380 379 
f 383 381 379 
f 379 378 377 
f 377 376 375 
f 379 377 375 
f 375 374 373 
f 373 372 371 
f 375 373 371 
f 465 387 480 
f 485 522 484 
f 409 407 371 
f 226 161 162 
f 227 162 163 
f 230 166 167 
f 233 170 171 
f 264 201 202 
f 388 389 349 348 
f 387 466 467 
f 387 467 388 
f 496 497 498 495 
f 479 495 498 
f 470 371 471 
f 466 387 465 
f 485 487 488 522 
f 489 522 488 
f 473 407 403 474 
f 514 493 491 492 
f 514 492 515 
f 477 395 478 
f 353 393 478 354 
f 394 354 478 
f 480 387 499 
f 471 371 485 484 
f 491 474 403 
f 495 493 494 
f 395 477 464 475 
f 395 495 494 
f 383 529 530 
f 383 138 102 
f 383 102 500 
f 500 527 520 
f 500 520 481 
f 481 520 521 157 
f 523 154 157 521 
f 481 157 156 
f 481 156 150 
f 150 156 147 
f 468 150 513 
f 468 513 512 
f 468 512 511 
f 468 511 143 
f 468 143 510 
f 468 510 509 
f 468 509 508 
f 468 508 507 
f 468 507 506 
f 468 506 505 
f 468 505 504 
f 468 504 503 
f 468 503 502 
f 468 502 501 
f 468 501 500 
f 468 500 138 
f 468 138 383 
f 499 531 532 
f 79 533 534 
f 510 143 79 509 
f 508 509 79 507 
f 506 507 79 505 
f 504 505 79 503 
f 502 503 79 501 
f 500 501 79 
f 513 150 79 512 
f 511 512 79 143 
f 150 147 84 79 
f 147 156 85 
f 97 91 154 
f 152 153 120 
f 153 149 120 
f 137 128 132 516 
f 516 132 493 514 
f 517 494 133 
f 517 133 136 141 
f 464 477 391 
f 379 468 383 
f 470 469 375 
f 470 375 371 
f 469 481 375 
f 481 150 379 375 
f 150 468 379 
f 387 383 499 
f 473 472 407 
f 488 487 407 472 
f 487 371 407 
f 487 485 371 
f 475 495 395 
f 494 399 395 
f 494 517 476 
f 155 128 137 515 
f 137 516 515 
f 515 492 399 155 
f 399 494 476 155 
f 492 491 403 
f 492 403 399 
f 518 480 499 500 
f 518 500 481 482 
f 518 482 483 
f 527 500 102 
f 479 480 518 519 
f 495 479 519 526 
f 486 484 522 
f 489 490 491 526 
f 491 493 495 526 
f 522 489 526 
f 483 486 522 518 
f 102 97 525 524 
f 525 97 154 523 
f 528 527 102 
f 524 528 102 
# 352 polygons - 307 triangles

