

v  -2.0675 29.4816 -9.2794
v  -2.1584 28.7537 -9.1884
v  -3.4779 28.7537 -9.0064
v  -1.2031 23.7491 -7.4596
v  -1.2031 23.7491 -5.8217
v  -1.0211 22.8391 -7.5506
v  -1.0211 22.8391 -5.7307
v  -0.7482 24.8410 -5.4596
v  -0.7482 24.8410 -5.5487
v  -4.7518 27.1158 -8.1875
v  -4.3878 23.7491 -6.6406
v  -4.7518 27.1158 -5.0938
v  -1.5670 23.7491 -8.2785
v  -1.3850 24.9320 -7.4596
v  -2.1130 25.0230 -7.4596
v  -2.1130 23.7491 -8.4605
v  -3.8419 26.6608 -8.7335
v  -3.6599 25.5689 -8.0965
v  -3.7509 23.7491 -7.9145
v  -3.1139 23.7491 -8.6425
v  -4.2058 23.7491 -7.3686
v  -4.2969 26.8428 -8.8245
v  -1.2031 22.8391 -8.3695
v  -1.5670 22.8391 -8.5515
v  -2.9319 22.8391 -8.7335
v  -4.2058 22.8391 -8.0055
v  -4.5698 22.8391 -7.4596
v  -4.7518 22.8391 -6.6406
v  -2.9319 25.5689 -8.6425
v  -3.1139 23.7491 -4.6388
v  -2.9319 25.5689 -4.6388
v  -3.6599 25.5689 -5.0938
v  -2.1130 25.0230 -5.5487
v  -2.1130 23.7491 -4.8208
v  -1.6125 25.5689 -4.6388
v  -1.3850 24.9320 -5.5487
v  -0.2932 25.5689 -4.7298
v  -4.5698 22.8391 -5.8217
v  -4.2058 23.7491 -5.9127
v  -4.2058 22.8391 -5.2757
v  -3.7509 23.7491 -5.3667
v  -2.9319 22.8391 -4.5478
v  -1.5670 22.8391 -4.7298
v  -1.2031 22.8391 -4.9118
v  -1.5670 23.7491 -5.0028
v  -4.2969 26.8428 -4.5478
v  -3.8419 26.6608 -4.5478
v  -3.3870 28.6627 -3.9109
v  -3.0229 28.8447 -4.0019
v  -2.2040 28.5717 -4.2748
v  -2.3860 28.8447 -4.1838
v  -2.0220 28.2987 -4.2748
v  -3.5688 28.2987 -3.9109
v  -3.5688 27.8437 -4.0019
v  -2.0220 27.8437 -4.2748
v  -2.0220 27.4798 -4.2748
v  -3.4779 27.4798 -4.0928
v  -3.0229 27.0248 -4.1838
v  -2.0220 27.0248 -4.3231
v  -2.2040 26.7518 -4.3489
v  -2.6589 26.7518 -4.3489
v  -2.0220 27.0248 -9.0064
v  -2.2040 26.7518 -8.9438
v  -2.6589 26.7518 -8.9438
v  -3.0229 27.0248 -9.0974
v  -3.4779 27.4798 -9.2794
v  -2.0220 27.4798 -9.0974
v  -2.0220 27.8437 -9.0974
v  -3.5688 27.8437 -9.3704
v  -3.5688 28.2987 -9.5524
v  -2.0220 28.2987 -9.1884
v  -2.2040 28.5717 -9.1884
v  -3.3870 28.6627 -9.5524
v  -3.0229 28.8447 -9.4614
v  -2.3860 28.8447 -9.2794
v  -1.6125 25.5689 -8.5515
v  -1.7035 26.6608 -4.3658
v  -3.1139 26.6608 -4.3658
v  -2.0220 27.5708 -4.2748
v  -3.7509 27.5708 -4.2748
v  -2.1584 28.7537 -4.2748
v  -3.4779 28.7537 -4.4568
v  -2.0220 27.5708 -9.0974
v  -3.7509 27.5708 -9.0974
v  -1.7035 26.6608 -8.9155
v  -3.1139 26.6608 -8.9155
v  -0.2932 25.5689 -8.2785
v  -0.2932 26.6608 -8.8245
v  -0.4751 28.5717 -9.0064
v  -0.8391 29.4816 -9.0974
v  -0.2932 26.6608 -4.4568
v  -0.2932 27.5708 -4.3658
v  -0.4751 28.5717 -4.4568
v  -0.8391 29.4816 -4.2748
v  -2.0675 29.4816 -4.0928
v  -0.2932 27.5708 -9.0064
v  0.2528 29.4816 -4.6388
v  -0.1112 31.1195 -4.8208
v  -0.2932 30.7555 -4.5478
v  0.6168 29.6636 -5.8217
v  0.1619 31.1195 -5.8217
v  0.6168 29.6636 -7.5506
v  0.1619 31.1195 -7.5506
v  0.2528 29.4816 -8.8245
v  -0.1112 31.1195 -8.5515
v  -0.2932 30.7555 -8.8245
v  0.3438 28.5717 -8.6425
v  0.2528 27.3888 -8.8245
v  -0.0201 26.6608 -8.6425
v  -0.1112 25.5689 -8.0055
v  0.3438 24.9320 -7.1866
v  0.3438 24.9320 -5.8217
v  -0.1112 25.5689 -5.1848
v  -0.0201 26.6608 -4.6388
v  0.2528 27.3888 -4.5478
v  0.3438 28.5717 -4.7298
v  0.1619 25.6599 -7.7326
v  0.5258 25.3869 -7.3686
v  0.6168 25.8419 -7.0046
v  0.5258 25.3869 -5.7307
v  0.1619 25.6599 -5.4577
v  0.6168 25.8419 -6.0947
v  0.7987 28.9357 -5.9127
v  0.7987 28.9357 -7.4596
v  0.3438 26.5698 -4.9118
v  0.6168 27.2978 -4.8208
v  0.5258 28.2987 -5.0938
v  0.3438 26.5698 -8.3695
v  0.6168 27.2068 -8.5515
v  0.5258 28.2987 -8.2785
v  0.7078 26.3879 -5.8217
v  0.7078 26.3879 -7.2776
v  0.7987 26.8428 -6.0947
v  0.7987 26.8428 -7.0956
v  0.5258 28.2077 -6.3677
v  0.5258 28.2077 -7.0046
v  0.7987 28.7537 -6.9136
v  0.7987 28.7537 -6.4587
v  1.4357 27.1158 -6.8226
v  1.4357 27.1158 -6.4587
v  5.4594 6.0150 -15.2348
v  5.1864 5.6565 -15.5104
v  4.3615 6.4835 -14.9727
v  4.1996 6.3236 -15.1027
v  5.9087 5.9652 -16.1292
v  6.0199 6.1637 -15.9837
v  7.1128 5.4867 -16.3791
v  6.9509 5.3267 -16.5091
v  8.1400 4.8596 -16.7543
v  7.9781 4.6996 -16.8843
v  8.3234 4.6359 -16.7073
v  8.1615 4.4760 -16.8373
v  7.6520 4.9080 -16.3383
v  7.4497 4.7081 -16.5008
v  6.9136 5.3153 -16.0521
v  6.6304 5.0353 -16.2796
v  6.7433 4.8940 -16.1142
v  6.5410 4.6940 -16.2766
v  6.8754 4.8221 -16.0582
v  6.6230 4.5474 -16.1984
v  9.0400 2.8646 -16.6084
v  9.2019 3.0245 -16.4784
v  9.1636 2.8855 -16.2596
v  9.0017 2.7256 -16.3896
v  7.1228 4.1558 -15.8104
v  6.9609 3.9959 -15.9404
v  9.3085 2.5229 -15.9938
v  9.1467 2.3629 -16.1238
v  9.2701 2.3839 -15.7750
v  9.1083 2.2239 -15.9050
v  7.0270 3.8083 -15.2633
v  6.8651 3.6484 -15.3933
v  8.9281 2.4761 -15.4625
v  8.7662 2.3162 -15.5925
v  8.8896 2.3372 -15.2437
v  8.7279 2.1772 -15.3737
v  6.9502 3.5304 -14.8257
v  6.7885 3.3704 -14.9557
v  8.5284 2.3599 -14.8218
v  8.3666 2.1999 -14.9518
v  8.3888 2.2980 -14.5718
v  8.2269 2.1380 -14.7017
v  6.4673 3.7873 -14.2764
v  6.2438 3.6168 -14.5808
v  5.3718 4.6765 -14.1389
v  5.2697 4.6261 -14.3458
v  5.2181 5.1320 -14.1119
v  4.9755 4.8921 -14.3068
v  4.1888 5.8581 -13.9880
v  4.0270 5.6981 -14.1180
v  7.6422 11.7571 12.3046
v  6.8688 11.9255 11.3170
v  7.6384 13.2059 12.2976
v  6.8025 13.0990 11.4125
v  8.3145 13.4284 14.0786
v  7.6917 11.5282 12.7253
v  8.4917 11.2828 13.8696
v  8.4424 13.3639 14.1509
v  10.1138 12.9975 16.5784
v  10.1285 12.7367 16.5572
v  8.6344 12.8097 14.6227
v  10.2876 12.3351 16.7485
v  10.3024 12.0743 16.7273
v  8.6713 12.1577 14.5696
v  10.1116 11.8291 16.3713
v  10.1262 11.5684 16.3501
v  8.7007 11.6361 14.5272
v  9.9429 11.1928 15.9836
v  9.8890 10.9372 15.8508
v  7.9240 13.9733 12.7736
v  8.5692 13.6646 13.7793
v  9.0769 13.7660 14.5039
v  8.6714 14.0565 13.8887
v  9.3744 14.1430 14.9315
v  9.5188 14.0022 15.1441
v  8.4485 14.0329 14.0245
v  8.7982 13.7365 14.6736
v  9.1515 14.1194 15.0673
v  9.2959 13.9786 15.2798
v  8.1792 13.6233 14.0169
v  7.7354 13.9471 12.9652
v  7.2268 13.1560 12.6250
v  8.0358 13.3988 14.2483
v  8.4484 12.1341 14.7054
v  8.1117 13.2632 14.3493
v  8.1499 11.3778 14.0839
v  8.4778 11.6125 14.6630
v  8.4115 12.7860 14.7584
v  9.7200 11.1692 16.1194
v  9.6661 10.9136 15.9866
v  9.8887 11.8055 16.5071
v  9.9033 11.5447 16.4859
v  10.0647 12.3115 16.8843
v  10.0795 12.0507 16.8630
v  9.9056 12.7131 16.6929
v  9.8909 12.9738 16.7141
v  7.5171 11.6409 12.8377
v  7.3079 11.7217 12.5083
v  6.5796 13.0754 11.5482
v  6.6459 11.9018 11.4528
v  -5.6617 9.3419 -10.2197
v  -4.6912 8.6140 -10.2197
v  -5.1764 8.6140 -8.5212
v  -6.1470 9.0993 -7.7932
v  -4.2058 9.0993 -11.6756
v  -3.9631 8.6140 -10.7050
v  -2.2646 8.6140 -11.1903
v  -2.2646 9.0993 -11.6756
v  -0.5662 8.8566 -11.1903
v  0.1619 8.6140 -11.1903
v  0.4044 9.0993 -10.7050
v  0.6471 8.6140 -9.9770
v  1.3750 9.3419 -9.0064
v  0.1619 11.0404 -9.7344
v  0.8898 10.7978 -8.2785
v  -0.5662 11.7684 -10.4623
v  -2.2646 11.7684 -10.9476
v  -3.9631 11.7684 -10.7050
v  -4.6912 11.0404 -9.4917
v  -5.1764 10.7978 -7.5506
v  -6.1470 14.9228 -8.2785
v  -5.6617 14.9228 -10.7050
v  -4.6912 14.9228 -11.6756
v  0.1619 14.9228 -10.7050
v  1.1324 14.9228 -8.7638
v  0.6471 16.1360 -10.7050
v  2.3456 16.1360 -9.7344
v  -4.9338 16.1360 -11.9182
v  -5.9044 16.1360 -10.9476
v  -6.3896 16.1360 -8.5212
v  -6.6323 17.3493 -8.7638
v  -6.1470 17.3493 -10.9476
v  -5.1764 17.3493 -12.1609
v  0.8898 17.3493 -10.9476
v  2.5883 17.3493 -9.9770
v  2.1030 18.5625 -9.7344
v  0.6471 18.5625 -10.9476
v  -5.1764 18.5625 -12.1609
v  -6.3896 18.5625 -10.9476
v  -6.8750 18.5625 -9.0064
v  -6.6323 20.2610 -9.2491
v  -6.1470 20.2610 -10.9476
v  -4.9338 20.2610 -12.1609
v  -0.0808 20.2610 -10.9476
v  0.8898 20.2610 -9.4917
v  -0.5662 22.4448 -9.2491
v  -1.5367 22.4448 -10.9476
v  -4.2058 22.4448 -11.6756
v  -5.4191 22.4448 -10.7050
v  -5.9044 22.4448 -9.7344
v  -4.6912 23.6581 -9.2491
v  -4.2058 23.6581 -9.9770
v  -3.2352 23.6581 -10.2197
v  -1.7794 23.4154 -9.9770
v  -1.0514 23.1728 -9.0064
v  -2.0220 23.9007 -8.2785
v  -1.2941 23.6581 -7.7932
v  -2.9926 24.1434 -8.2785
v  -3.7206 24.1434 -8.2785
v  -4.4485 24.1434 -7.7932
v  0.6471 20.2610 -6.5800
v  1.6177 18.5625 -6.5800
v  2.1030 17.3493 -6.5800
v  1.8604 16.1360 -6.5800
v  1.1324 14.9228 -6.5800
v  0.8898 10.7978 -6.5800
v  1.3750 9.3419 -6.5800
v  0.8898 8.6140 -6.5800
v  -0.3235 22.4448 -6.5800
v  -0.8088 22.9301 -6.5800
v  -5.1764 8.6140 -6.0947
v  -6.1470 8.8566 -5.3667
v  -5.1764 10.7978 -5.6094
v  -6.1470 14.9228 -4.8814
v  -6.3896 16.1360 -4.6388
v  -6.6323 17.3493 -4.3962
v  -6.8750 18.5625 -4.1535
v  -6.6323 20.2610 -3.9109
v  -5.9044 22.4448 -3.4256
v  -4.6912 23.6581 -3.9109
v  -1.0514 23.1728 -4.1535
v  -0.5662 22.4448 -3.9109
v  0.8898 20.2610 -3.6682
v  1.3750 9.3419 -4.1535
v  0.6471 8.6140 -3.1829
v  0.8898 10.7978 -4.8814
v  1.1324 14.9228 -4.3962
v  2.3456 16.1360 -3.4256
v  2.5883 17.3493 -3.1829
v  2.1030 18.5625 -3.4256
v  -3.7206 24.1434 -4.8814
v  -4.4485 24.1434 -5.3667
v  -4.2058 23.6581 -3.1829
v  -3.2352 23.6581 -2.9403
v  -2.9926 24.1434 -4.8814
v  -1.7794 23.4154 -3.1829
v  -2.0220 23.9007 -4.8814
v  -1.2941 23.6581 -5.3667
v  -1.5367 22.4448 -2.2123
v  -4.2058 22.4448 -1.4844
v  -5.4191 22.4448 -2.4550
v  -6.1470 20.2610 -2.2123
v  -4.9338 20.2610 -0.9991
v  -0.0808 20.2610 -2.2123
v  0.6471 18.5625 -2.2123
v  -5.1764 18.5625 -0.9991
v  -6.3896 18.5625 -2.2123
v  -6.1470 17.3493 -2.2123
v  -5.1764 17.3493 -0.9991
v  0.8898 17.3493 -2.2123
v  0.6471 16.1360 -2.2123
v  -4.9338 16.1360 -1.2417
v  -5.9044 16.1360 -2.2123
v  -5.6617 14.9228 -2.4550
v  -4.6912 14.9228 -1.4844
v  0.1619 14.9228 -2.4550
v  -3.9631 11.7684 -2.4550
v  -2.2646 11.7684 -2.2123
v  -0.5662 11.7684 -2.9403
v  0.1619 11.0404 -3.4256
v  -4.6912 11.0404 -3.6682
v  -5.6617 9.3419 -2.9403
v  -4.2058 8.8566 -1.2417
v  -2.2646 8.8566 -1.2417
v  -0.5662 9.0993 -1.9697
v  0.4044 8.8566 -2.4550
v  0.1619 8.6140 -1.9697
v  -2.2646 8.6140 -1.9697
v  -3.9631 8.6140 -2.4550
v  -4.6912 8.6140 -2.9403
v  -5.1764 8.6140 -4.6388
v  -1.0514 23.4154 -6.5800
v  -1.5973 23.0885 -10.6565
v  -1.3047 22.2866 -11.1782
v  -2.0575 22.1463 -12.3013
v  -2.3501 22.9482 -11.7796
v  -2.8247 23.0282 -11.7174
v  -3.7970 22.3950 -12.8095
v  -4.2478 22.7612 -11.5269
v  -3.3220 23.3649 -10.9200
v  -4.9541 20.6249 -13.3763
v  -5.6104 21.0331 -11.8221
v  -3.3102 20.3703 -13.5898
v  -1.8965 20.5669 -11.8203
v  -2.4066 19.7546 -12.2358
v  -3.6976 19.6904 -13.7778
v  -5.1213 19.9306 -13.5913
v  -5.7288 20.3151 -11.8007
v  -6.6996 17.7126 -11.6511
v  -6.1879 17.3222 -14.1634
v  -4.1987 17.1324 -14.4251
v  -3.0494 17.2425 -12.1304
v  -3.9669 14.4315 -12.9653
v  -4.7599 14.4921 -15.3085
v  -6.9963 13.3122 -15.3807
v  -7.3580 13.4537 -12.6415
v  -6.1970 11.7805 -15.4068
v  -7.0325 10.7462 -12.9564
v  -4.2883 13.8372 -15.1789
v  -3.2900 13.7346 -13.1073
v  -3.7041 12.8704 -13.0990
v  -4.2382 12.7623 -15.5128
v  -5.3901 11.5663 -15.9573
v  -6.3209 10.4345 -13.0604
v  -4.4982 9.9990 -15.9273
v  -5.0203 9.1051 -13.5277
v  -2.8209 11.3608 -15.9263
v  -2.1292 11.6585 -13.7511
v  2.2767 7.8728 -13.7039
v  2.0784 7.6169 -15.6699
v  1.2605 6.0209 -15.7577
v  1.0560 5.0018 -13.3939
v  1.8051 5.7936 -15.3314
v  1.9142 5.2339 -13.6796
v  2.4468 7.2226 -15.2459
v  2.7848 7.6907 -13.7594
v  4.6027 6.8635 -13.7281
v  4.4589 6.5398 -15.2140
v  4.3899 5.6214 -15.2949
v  4.6425 4.6893 -13.9315
v  -3.6248 22.5494 -2.8027
v  -3.4628 22.9816 -1.8425
v  -3.1543 23.3560 -1.8287
v  -2.2935 23.6658 -3.1211
v  -1.8204 22.9030 -2.2643
v  -4.0488 20.9475 -1.7970
v  -1.3193 22.1515 -0.5602
v  -3.8462 17.9572 -0.9328
v  -1.2706 21.1880 0.3680
v  -3.4299 17.5967 -0.4567
v  0.1099 19.2498 2.0248
v  -2.1653 15.5896 2.0133
v  1.1259 16.9851 4.6024
v  -0.9034 14.1793 4.8503
v  1.5575 16.9320 4.9268
v  -0.7802 13.7517 5.1608
v  1.5649 16.1929 5.3225
v  -0.3101 13.6455 5.5396
v  0.6670 12.8189 6.9679
v  3.1329 15.3226 7.3430
v  5.9670 14.2602 9.4418
v  4.9497 11.5920 9.9903
v  5.6899 11.9845 10.2908
v  6.1561 13.7217 10.2515
v  7.3862 13.2103 11.3579
v  7.5504 11.5971 11.9961
v  6.9995 12.5387 12.5553
v  5.1836 13.3476 11.3729
v  7.0774 13.3742 12.1672
v  5.3246 13.7954 11.4799
v  4.7953 14.2296 11.5293
v  4.2576 13.5946 11.1727
v  0.0724 14.2975 8.8020
v  1.5374 15.1481 8.9730
v  -0.0022 16.3025 7.1428
v  -0.7944 15.0993 7.8770
v  -1.3983 15.2288 7.0087
v  -0.0380 16.7575 6.5567
v  -0.4413 17.0948 6.4227
v  -1.8016 15.5660 6.8747
v  -2.7301 17.3729 4.0216
v  -1.5347 18.9948 3.9847
v  -2.6918 20.9403 1.7708
v  -3.6172 19.8171 1.7293
v  -3.9076 20.0807 1.0697
v  -2.8279 21.3910 1.1181
v  -2.6814 22.8358 -1.2146
v  -4.1387 21.8163 -0.7127
v  4.2383 -33.3640 -11.2227
v  4.2383 -33.6066 -11.2227
v  4.5283 -33.3640 -11.8447
v  4.5283 -33.1213 -11.8447
v  -1.4620 -33.1213 -9.1480
v  -1.7731 -33.8493 -9.2930
v  3.8024 -33.3640 -13.1298
v  3.8024 -33.1213 -13.1298
v  3.1804 -33.6066 -13.4199
v  3.1804 -33.3640 -13.4199
v  -2.3540 -33.8493 -10.8891
v  -2.2090 -33.1213 -11.2001
v  -3.7632 -33.1213 -9.0851
v  -4.0121 -33.1213 -9.7691
v  -3.7841 -33.8493 -9.8521
v  -3.5352 -33.8493 -9.1681
v  -3.9911 -31.9081 -9.0021
v  -4.1571 -31.9081 -9.4581
v  2.0823 -32.1507 -11.4709
v  1.6472 -32.6360 -10.5378
v  -1.9181 -32.1507 -8.9820
v  -2.5820 -32.1507 -10.8061
v  1.1492 -32.6360 -11.9059
v  4.2869 -33.6066 -4.1535
v  4.2869 -33.3640 -4.1535
v  4.7721 -33.3640 -3.6682
v  4.7721 -33.1213 -3.6682
v  -1.7794 -33.1213 -4.1535
v  -2.0220 -33.8493 -3.9109
v  4.5294 -33.1213 -2.2123
v  4.5294 -33.3640 -2.2123
v  4.0442 -33.3640 -1.7270
v  4.0442 -33.6066 -1.7270
v  -1.7794 -33.1213 -1.9697
v  -2.0220 -33.8493 -2.2123
v  -3.9631 -33.1213 -2.6976
v  -3.9631 -33.1213 -3.4256
v  -3.7206 -33.8493 -2.6976
v  -3.7206 -33.8493 -3.4256
v  -4.2058 -31.9081 -2.9403
v  -4.2058 -31.9081 -3.4256
v  2.3456 -32.1507 -3.1829
v  1.6177 -32.6360 -3.9109
v  -2.2646 -32.1507 -4.1535
v  -2.2646 -32.1507 -2.2123
v  1.6177 -32.6360 -2.4550
v  -7.2389 -4.7316 -3.6682
v  -7.2389 -4.7316 -9.4917
v  -7.8456 -11.7684 -8.7638
v  -7.8456 -11.7684 -4.3962
v  -7.1176 2.3051 -2.2123
v  -7.1176 2.3051 -10.9476
v  -6.3896 4.7316 -2.9403
v  -6.3896 4.7316 -10.2197
v  -5.4191 7.1581 -4.6388
v  -5.4191 7.1581 -8.5212
v  2.3456 -11.7684 -6.5800
v  2.1030 -4.7316 -6.5800
v  1.8604 -11.7684 -2.6976
v  1.6177 -4.7316 -2.4550
v  0.8898 -4.7316 -0.2712
v  0.6471 -11.7684 -0.7564
v  -2.9926 -11.7684 -0.0285
v  -2.7500 -4.7316 0.4568
v  -5.0551 -4.7316 -0.0285
v  -5.4191 -11.7684 -0.2712
v  -6.8750 -11.7684 -1.9697
v  -6.3896 -4.7316 -1.4844
v  -6.1470 2.3051 -1.2417
v  -4.9338 2.3051 -0.2712
v  -2.5073 2.3051 -0.2712
v  0.1619 2.3051 -0.7564
v  0.8898 2.3051 -2.9403
v  1.3750 2.3051 -6.5800
v  1.1324 4.7316 -6.5800
v  0.6471 4.7316 -2.6976
v  -0.0808 4.7316 -1.2417
v  -2.2646 4.7316 -0.9991
v  -4.6912 4.7316 -0.9991
v  -5.6617 4.7316 -1.4844
v  -4.9338 7.1581 -2.6976
v  -4.2058 7.1581 -1.9697
v  -2.2646 7.1581 -1.7270
v  0.1619 7.1581 -1.4844
v  0.6471 7.1581 -2.6976
v  0.8898 7.1581 -6.5800
v  -4.9338 7.1581 -10.4623
v  -4.2058 7.1581 -11.1903
v  -2.2646 7.1581 -11.4329
v  0.1619 7.1581 -11.6756
v  0.6471 7.1581 -10.4623
v  0.6471 4.7316 -10.4623
v  -0.0808 4.7316 -11.9182
v  -2.2646 4.7316 -12.1609
v  -4.6912 4.7316 -12.1609
v  -5.6617 4.7316 -11.6756
v  -6.1470 2.3051 -11.9182
v  -4.9338 2.3051 -12.8888
v  -2.5073 2.3051 -12.8888
v  0.1619 2.3051 -12.4035
v  0.8898 2.3051 -10.2197
v  1.6177 -4.7316 -10.7050
v  0.8898 -4.7316 -13.1314
v  -2.7500 -4.7316 -13.6167
v  -5.0551 -4.7316 -13.1314
v  -6.3896 -4.7316 -12.1609
v  -6.8750 -11.7684 -12.4035
v  -5.4191 -11.7684 -13.1314
v  -2.9926 -11.7684 -13.3741
v  0.6471 -11.7684 -12.8888
v  1.8604 -11.7684 -11.1903
v  -3.3901 -30.6949 -9.4791
v  -4.2813 -19.7757 -8.3801
v  -4.6962 -19.7757 -9.5202
v  -3.6182 -25.1140 -9.3961
v  -3.5142 -16.6213 -8.4011
v  -4.1781 -16.6213 -10.2252
v  -3.3691 -15.1654 -8.7121
v  -3.9501 -15.1654 -10.3082
v  -3.2551 -13.7096 -8.7536
v  -3.7531 -13.7096 -10.1216
v  -3.3691 -12.4963 -8.7121
v  -3.8671 -12.4963 -10.0801
v  -3.7422 -10.7978 -8.3181
v  -4.4061 -10.7978 -10.1422
v  -4.5713 -7.4007 -7.7581
v  -5.3181 -7.4007 -9.8102
v  -1.0480 -19.7757 -10.8480
v  -0.7990 -19.7757 -10.1640
v  -1.1100 -25.1140 -10.3090
v  -0.9030 -16.6213 -11.1590
v  -0.4879 -16.6213 -10.0190
v  -0.3019 -15.1654 -11.6360
v  0.3621 -15.1654 -9.8119
v  -0.0739 -13.7096 -11.7190
v  0.5901 -13.7096 -9.8949
v  0.0922 -12.4963 -11.2630
v  0.4241 -12.4963 -10.3509
v  0.5482 -10.7978 -11.4289
v  0.8801 -10.7978 -10.5169
v  1.0042 -7.4007 -11.5949
v  1.5022 -7.4007 -10.2268
v  -2.2291 -28.9963 -9.1270
v  -1.3170 -28.9963 -9.4590
v  -2.6021 -25.1140 -8.7330
v  -1.4620 -25.1140 -9.1480
v  -0.9851 -19.7757 -8.5469
v  -3.0372 -19.7757 -7.8000
v  -2.6227 -16.6213 -8.0800
v  -0.7986 -16.6213 -8.7439
v  -0.3840 -15.1654 -9.0239
v  -2.2081 -15.1654 -8.3600
v  -2.0941 -13.7096 -8.4015
v  -0.1560 -13.7096 -9.1069
v  0.3831 -12.4963 -9.0449
v  -1.8971 -12.4963 -8.2150
v  -1.8451 -10.7978 -7.7174
v  0.7770 -10.7978 -8.6718
v  -3.1621 -28.9963 -9.5621
v  -0.8820 -28.9963 -10.3920
v  -1.0890 -30.6949 -9.5420
v  -0.4259 -30.6949 -10.5580
v  -2.2291 -30.6949 -9.1270
v  1.2540 -7.4007 -8.0708
v  -2.3942 -7.4007 -6.7429
v  -4.2200 -7.4007 -11.7592
v  -0.5718 -7.4007 -13.0871
v  -3.3390 -10.7978 -11.8217
v  -0.7168 -10.7978 -12.7761
v  -2.7271 -30.6949 -10.4951
v  -2.7271 -28.9963 -10.4951
v  -1.5869 -30.6949 -10.9100
v  -1.8149 -28.9963 -10.8271
v  -0.8618 -12.4963 -12.4651
v  -1.2349 -13.7096 -12.0711
v  -1.4629 -15.1654 -11.9881
v  -1.9604 -16.6213 -11.9361
v  -2.1470 -19.7757 -11.7391
v  -2.1260 -25.1140 -10.9721
v  -3.1420 -12.4963 -11.6352
v  -3.1730 -13.7096 -11.3657
v  -3.2870 -15.1654 -11.3242
v  -3.7845 -16.6213 -11.2722
v  -3.9711 -19.7757 -11.0752
v  -3.2660 -25.1140 -10.5571
v  -3.4779 -30.6949 -3.1829
v  -4.6912 -19.7757 -2.6976
v  -4.6912 -19.7757 -3.9109
v  -3.7206 -25.1140 -3.1829
v  -3.9631 -16.6213 -2.2123
v  -3.9631 -16.6213 -4.1535
v  -3.7206 -15.1654 -2.2123
v  -3.7206 -15.1654 -3.9109
v  -3.5992 -13.7096 -2.4550
v  -3.5992 -13.7096 -3.9109
v  -3.7206 -12.4963 -2.4550
v  -3.7206 -12.4963 -3.9109
v  -4.2058 -10.7978 -2.2123
v  -4.2058 -10.7978 -4.1535
v  -5.1764 -7.4007 -2.2123
v  -5.1764 -7.4007 -4.3962
v  -0.8088 -19.7757 -3.4256
v  -0.8088 -19.7757 -2.6976
v  -1.0514 -25.1140 -3.1829
v  -0.5662 -16.6213 -3.6682
v  -0.5662 -16.6213 -2.4550
v  0.1619 -15.1654 -4.1535
v  0.1619 -15.1654 -2.2123
v  0.4044 -13.7096 -4.1535
v  0.4044 -13.7096 -2.2123
v  0.4044 -12.4963 -3.6682
v  0.4044 -12.4963 -2.6976
v  0.8898 -10.7978 -3.6682
v  0.8898 -10.7978 -2.6976
v  1.3750 -7.4007 -4.1535
v  1.3750 -7.4007 -2.6976
v  -1.5367 -28.9963 -3.9109
v  -2.5073 -28.9963 -3.9109
v  -2.9926 -25.1140 -4.1535
v  -1.7794 -25.1140 -4.1535
v  -1.5367 -19.7757 -4.8814
v  -3.7206 -19.7757 -4.8814
v  -3.2352 -16.6213 -4.7601
v  -1.2941 -16.6213 -4.7601
v  -0.8088 -15.1654 -4.6388
v  -2.7500 -15.1654 -4.6388
v  -2.6287 -13.7096 -4.6388
v  -0.5662 -13.7096 -4.6388
v  -0.0808 -12.4963 -4.8814
v  -2.5073 -12.4963 -4.8814
v  -2.6287 -10.7978 -5.3667
v  0.1619 -10.7978 -5.3667
v  -3.2352 -28.9963 -3.1829
v  -0.8088 -28.9963 -3.1829
v  -1.2941 -30.6949 -3.9109
v  -0.3235 -30.6949 -3.1829
v  -2.5073 -30.6949 -3.9109
v  0.4044 -7.4007 -6.0947
v  -3.4779 -7.4007 -6.0947
v  0.4044 -7.4007 -0.7564
v  -3.4779 -7.4007 -0.7564
v  -2.6287 -10.7978 -0.9991
v  0.1619 -10.7978 -0.9991
v  -2.5073 -30.6949 -2.4550
v  -2.5073 -28.9963 -2.4550
v  -1.2941 -30.6949 -2.4550
v  -1.5367 -28.9963 -2.4550
v  -0.0808 -12.4963 -1.2417
v  -0.5662 -13.7096 -1.4844
v  -0.8088 -15.1654 -1.4844
v  -1.2941 -16.6213 -1.3631
v  -1.5367 -19.7757 -1.4844
v  -1.7794 -25.1140 -2.2123
v  -2.5073 -12.4963 -1.2417
v  -2.6287 -13.7096 -1.4844
v  -2.7500 -15.1654 -1.4844
v  -3.2352 -16.6213 -1.3631
v  -3.4779 -19.7757 -1.4844
v  -2.9926 -25.1140 -2.2123
v  0.7987 31.1195 -8.0055
v  0.9807 30.4825 -8.4605
v  0.7078 31.5744 -5.6397
v  0.3438 31.4834 -5.3667
v  0.0708 30.5735 -9.1884
v  0.3438 31.1195 -9.0974
v  -0.4751 30.2096 -9.1884
v  -0.4751 30.5735 -4.0928
v  0.0708 31.4834 -4.0928
v  0.0708 33.0303 -7.3686
v  1.8906 31.7564 -7.6416
v  -0.0201 32.1204 -8.6425
v  1.2537 32.6664 -6.4587
v  0.0708 33.0303 -5.9127
v  0.2528 31.3015 -9.2794
v  1.5267 30.4825 -8.7335
v  0.6168 30.1186 -8.7335
v  -0.4751 33.2123 -7.4596
v  -0.4751 33.2123 -5.8217
v  -1.3850 33.6673 -7.2776
v  -1.3850 33.6673 -5.9127
v  -2.3860 33.8493 -7.2776
v  -2.3860 33.8493 -5.9127
v  -2.9319 33.8493 -7.2776
v  -2.9319 33.8493 -5.9127
v  -3.5688 33.8493 -7.2776
v  -3.5688 33.8493 -5.9127
v  -4.0238 33.8493 -7.2776
v  -4.0238 33.8493 -5.9127
v  -5.7527 33.0303 -7.7326
v  -5.7527 33.0303 -5.5487
v  -6.5717 32.2114 -7.9145
v  -6.5717 32.2114 -5.3667
v  -7.1176 31.3015 -7.6416
v  -7.1176 31.3015 -5.6397
v  -8.3005 28.6627 -7.6416
v  -8.3005 28.6627 -5.6397
v  -8.3915 26.9338 -7.8235
v  -8.3915 26.9338 -5.4577
v  -7.6636 24.8410 -6.6406
v  -3.9329 25.0230 -2.6370
v  -3.9329 25.0230 -10.6443
v  -3.7509 27.0248 -9.8254
v  -3.7509 27.0248 -3.4559
v  -2.7500 23.6581 -2.2730
v  -2.7500 23.6581 -11.0083
v  -3.0229 22.9301 -1.7270
v  -3.0229 22.9301 -11.5542
v  -4.2969 21.7472 -1.7270
v  -4.2969 21.7472 -11.5542
v  -4.0238 20.0184 -1.5451
v  -4.0238 20.0184 -11.7362
v  -4.0238 17.7436 -1.8180
v  -4.0238 17.7436 -11.4632
v  -4.6608 16.6516 -2.0910
v  -4.6608 16.6516 -11.1903
v  -6.6626 15.5597 -4.0928
v  -6.6626 15.5597 -11.5542
v  -9.0284 17.0156 -6.4587
v  -9.0284 17.0156 -10.7353
v  -10.2113 19.4724 -8.0965
v  -9.8474 19.4724 -9.9164
v  -10.3024 20.2914 -8.9155
v  -1.0211 31.0285 -9.5524
v  -0.2021 31.3015 -9.4614
v  -1.5670 30.6645 -9.7344
v  -2.4769 30.4825 -9.8254
v  -2.1584 28.7537 -9.8254
v  -3.5688 29.2996 -10.4623
v  -0.7482 32.3024 -9.4614
v  -1.3850 31.3925 -9.5524
v  -1.6581 30.9375 -9.7344
v  -0.8391 32.9393 -8.7335
v  -1.5670 32.3024 -9.4614
v  -2.4769 31.9384 -9.4614
v  -3.0229 31.8474 -9.6434
v  -4.1149 30.3005 -10.0984
v  -3.9329 31.7564 -9.7344
v  -5.4797 31.9384 -9.3704
v  -5.6617 30.3915 -9.8254
v  -6.4807 30.9375 -8.8245
v  -6.2987 32.0294 -9.0974
v  -4.6608 27.7528 -10.8263
v  -6.5717 28.3897 -10.7353
v  -7.4816 28.8447 -9.8254
v  -1.5670 33.3033 -8.4605
v  -2.2950 33.3943 -8.3695
v  -2.8409 33.3943 -8.4605
v  -3.4779 33.3033 -8.5515
v  -4.4788 33.3033 -8.5515
v  -4.8428 25.0230 -11.4632
v  -3.8419 23.7491 -12.3732
v  -4.1149 22.9301 -12.4642
v  -5.8438 25.2050 -12.0092
v  -5.2068 24.0221 -11.8272
v  -5.2977 23.1121 -11.3723
v  -7.5725 26.7518 -10.5533
v  -6.3896 24.5680 -9.7344
v  -6.5717 23.1121 -9.2794
v  -7.4816 23.2941 -6.6406
v  -5.4797 21.1103 -13.0101
v  -6.4807 20.8373 -12.1912
v  -7.5725 21.2013 -10.1894
v  -8.3005 22.5662 -6.6406
v  -5.2977 19.6544 -12.6462
v  -6.5717 19.8364 -12.1912
v  -7.9365 20.6553 -9.8254
v  -9.0284 21.6562 -8.3695
v  -5.6617 18.4715 -12.7371
v  -6.2987 17.9255 -11.8272
v  -8.0276 19.1994 -9.8254
v  -9.2104 19.9274 -8.3695
v  -8.0276 19.1994 -3.4559
v  -6.2987 17.9255 -2.2730
v  -5.6617 18.4715 -0.5441
v  -7.9365 20.6553 -3.4559
v  -6.5717 19.8364 -0.6351
v  -5.2977 19.6544 -0.6351
v  -7.5725 21.2013 -3.0919
v  -6.4807 20.8373 -1.0901
v  -5.4797 21.1103 -0.2712
v  -6.5717 23.1121 -4.0019
v  -5.2977 23.1121 -1.9090
v  -4.1149 22.9301 -0.8171
v  -4.4788 33.3033 -4.6388
v  -3.4779 33.3033 -4.6388
v  -2.8409 33.3943 -4.7298
v  -2.2950 33.3943 -4.8208
v  -1.5670 33.3033 -4.7298
v  -6.2987 32.0294 -4.7298
v  -5.4797 31.9384 -3.9109
v  -3.9329 31.7564 -3.1829
v  -3.0229 31.8474 -3.2739
v  -2.4769 31.9384 -3.4559
v  -1.5670 32.3024 -3.7289
v  -0.8391 32.9393 -4.2748
v  -0.0201 32.7574 -4.3658
v  -6.3896 24.5680 -3.5469
v  -7.5725 26.7518 -2.7280
v  -7.4816 28.8447 -3.4559
v  -6.4807 30.9375 -4.6388
v  -5.2068 24.0221 -1.4541
v  -5.8438 25.2050 -1.2721
v  -6.5717 28.3897 -4.0019
v  -5.6617 30.3915 -2.8189
v  -4.1149 30.3005 -2.6370
v  -3.8419 23.7491 -0.9081
v  -4.8428 25.0230 -1.8180
v  -4.6608 27.7528 -2.2730
v  -3.5688 29.2996 -2.6370
v  -2.4769 30.4825 -3.1829
v  -1.6581 30.9375 -3.4559
v  -1.3850 31.3925 -3.6379
v  -0.7482 32.3024 -3.7289
v  -1.5670 30.6645 -3.5469
v  -1.0211 31.0285 -3.6379
v  -0.2932 31.8474 -3.8199
v  0.2528 32.2114 -4.6388
v  0.9807 32.3024 -6.0947
v  0.9807 30.1186 -8.3695



f 1 2 3
f 4 5 6
f 7 6 5
f 8 9 5
f 5 4 8
f 10 11 12
f 4 13 14
f 4 14 8
f 14 13 15
f 15 13 16
f 17 18 19
f 19 18 20
f 17 19 21
f 17 21 22
f 22 21 10
f 10 21 11
f 4 6 13
f 13 6 23
f 13 23 24
f 13 24 16
f 20 16 25
f 25 16 24
f 25 26 19
f 25 19 20
f 26 27 21
f 26 21 19
f 21 27 11
f 11 27 28
f 15 16 29
f 29 16 20
f 29 20 18
f 30 31 32
f 33 31 30
f 33 30 34
f 31 33 35
f 35 33 36
f 9 37 35
f 9 35 36
f 38 39 11
f 38 11 28
f 38 40 39
f 39 40 41
f 40 42 41
f 41 42 30
f 34 30 42
f 34 42 43
f 44 45 43
f 43 45 34
f 7 5 45
f 7 45 44
f 39 46 12
f 39 12 11
f 41 47 39
f 39 47 46
f 32 47 41
f 32 41 30
f 45 36 33
f 45 33 34
f 45 5 36
f 36 5 9
f 48 49 50
f 50 49 51
f 50 52 53
f 50 53 48
f 53 52 54
f 54 52 55
f 55 56 57
f 55 57 54
f 57 56 58
f 58 56 59
f 59 60 61
f 59 61 58
f 62 63 64
f 62 64 65
f 66 67 65
f 65 67 62
f 68 67 66
f 68 66 69
f 70 71 69
f 69 71 68
f 72 71 70
f 72 70 73
f 73 74 72
f 72 74 75
f 76 14 15
f 76 15 29
f 77 78 35
f 31 35 78
f 79 80 78
f 78 77 79
f 81 82 79
f 79 82 80
f 2 83 3
f 3 83 84
f 85 86 84
f 84 83 85
f 76 29 85
f 85 29 86
f 14 76 8
f 8 76 87
f 88 87 76
f 88 76 85
f 89 2 90
f 90 2 1
f 37 91 35
f 35 91 77
f 92 79 77
f 92 77 91
f 93 81 79
f 93 79 92
f 93 94 81
f 81 94 95
f 96 83 89
f 89 83 2
f 85 83 96
f 85 96 88
f 78 47 32
f 78 32 31
f 29 18 17
f 29 17 86
f 97 98 99
f 97 99 94
f 97 100 98
f 98 100 101
f 102 103 101
f 101 100 102
f 104 105 102
f 102 105 103
f 106 105 104
f 106 104 90
f 89 90 104
f 89 104 107
f 108 96 107
f 107 96 89
f 88 96 108
f 88 108 109
f 110 87 109
f 109 87 88
f 8 87 110
f 8 110 111
f 112 9 111
f 8 111 9
f 113 37 9
f 113 9 112
f 113 114 37
f 37 114 91
f 92 91 114
f 92 114 115
f 115 116 92
f 92 116 93
f 97 94 93
f 93 116 97
f 110 117 111
f 111 117 118
f 119 118 117
f 120 121 112
f 112 121 113
f 122 121 120
f 118 120 112
f 112 111 118
f 123 100 97
f 123 97 116
f 124 102 123
f 100 123 102
f 104 102 124
f 104 124 107
f 125 114 113
f 125 113 121
f 126 115 125
f 114 125 115
f 127 116 115
f 127 115 126
f 128 117 110
f 128 110 109
f 108 129 109
f 109 129 128
f 130 129 108
f 130 108 107
f 131 125 121
f 131 121 122
f 132 119 117
f 132 117 128
f 126 125 131
f 126 131 133
f 132 128 134
f 134 128 129
f 118 119 120
f 122 120 119
f 132 134 131
f 133 131 134
f 126 133 127
f 127 133 135
f 130 136 134
f 130 134 129
f 137 124 138
f 123 138 124
f 124 137 107
f 138 123 116
f 139 134 136
f 139 136 137
f 135 133 140
f 135 140 138
f 139 140 133
f 133 134 139
f 137 138 140
f 140 139 137
f 141 142 143
f 143 142 144
f 145 142 141
f 145 141 146
f 146 147 145
f 145 147 148
f 149 150 148
f 148 147 149
f 151 152 149
f 150 149 152
f 153 154 152
f 152 151 153
f 155 156 153
f 154 153 156
f 157 158 156
f 156 155 157
f 159 160 157
f 157 160 158
f 161 160 159
f 161 159 162
f 163 164 162
f 161 162 164
f 165 166 164
f 164 163 165
f 167 168 165
f 166 165 168
f 169 170 168
f 168 167 169
f 171 172 169
f 170 169 172
f 173 174 172
f 172 171 173
f 175 176 173
f 174 173 176
f 177 178 176
f 176 175 177
f 179 180 177
f 178 177 180
f 181 182 180
f 180 179 181
f 181 183 182
f 182 183 184
f 185 186 184
f 185 184 183
f 187 188 185
f 185 188 186
f 189 190 188
f 188 187 189
f 190 144 188
f 142 188 144
f 142 158 186
f 142 186 188
f 184 186 160
f 160 186 158
f 161 164 166
f 161 166 160
f 166 168 170
f 170 172 166
f 172 174 176
f 176 178 172
f 178 180 182
f 178 182 184
f 160 166 172
f 172 178 184
f 160 172 184
f 142 145 156
f 142 156 158
f 154 156 148
f 148 156 145
f 154 148 150
f 154 150 152
f 147 153 149
f 149 153 151
f 155 153 147
f 155 147 146
f 146 141 155
f 155 141 157
f 171 159 183
f 177 171 183
f 165 159 171
f 179 177 181
f 181 177 183
f 173 171 175
f 177 175 171
f 167 165 169
f 171 169 165
f 163 162 165
f 165 162 159
f 185 183 159
f 185 159 157
f 141 187 157
f 157 187 185
f 189 187 141
f 189 141 143
f 191 192 193
f 193 192 194
f 191 193 195
f 191 195 196
f 197 196 198
f 198 196 195
f 199 200 201
f 199 201 198
f 201 202 203
f 203 204 201
f 204 205 206
f 206 207 204
f 207 208 209
f 207 209 197
f 198 201 204
f 204 207 197
f 198 204 197
f 193 210 211
f 193 211 195
f 212 211 213
f 213 211 210
f 212 213 214
f 212 214 215
f 216 217 218
f 218 217 219
f 220 217 216
f 220 216 221
f 221 222 220
f 220 222 223
f 224 225 226
f 227 224 226
f 228 225 224
f 229 227 230
f 230 227 226
f 231 224 232
f 227 232 224
f 233 228 234
f 224 234 228
f 235 236 228
f 228 236 225
f 237 226 225
f 237 225 223
f 223 222 237
f 237 222 238
f 239 240 238
f 238 222 239
f 240 192 238
f 191 238 192
f 238 191 196
f 238 196 237
f 237 196 226
f 226 196 197
f 197 209 230
f 197 230 226
f 230 209 229
f 208 229 209
f 229 208 207
f 207 227 229
f 227 207 232
f 206 232 207
f 232 206 205
f 205 231 232
f 231 205 224
f 204 224 205
f 224 204 203
f 203 234 224
f 234 203 233
f 202 233 203
f 233 202 201
f 201 228 233
f 228 201 235
f 200 235 201
f 235 200 199
f 199 236 235
f 225 236 198
f 198 236 199
f 225 198 195
f 225 195 223
f 223 195 220
f 211 220 195
f 220 211 212
f 212 217 220
f 217 212 219
f 215 219 212
f 219 215 214
f 214 218 219
f 218 214 216
f 213 216 214
f 213 210 221
f 213 221 216
f 222 221 193
f 193 221 210
f 222 193 194
f 222 194 239
f 241 242 243
f 241 243 244
f 241 245 242
f 242 245 246
f 247 246 245
f 247 245 248
f 248 249 247
f 247 249 250
f 251 252 250
f 251 250 249
f 253 252 251
f 253 251 254
f 253 254 255
f 256 254 249
f 249 254 251
f 249 248 257
f 249 257 256
f 257 248 258
f 258 248 245
f 245 241 259
f 245 259 258
f 260 259 244
f 244 259 241
f 259 260 261
f 259 261 262
f 263 258 262
f 262 258 259
f 264 265 254
f 254 265 255
f 264 254 256
f 263 264 257
f 257 264 256
f 257 258 263
f 265 264 266
f 265 266 267
f 264 263 268
f 264 268 266
f 268 263 262
f 262 269 268
f 269 262 270
f 261 270 262
f 269 270 271
f 269 271 272
f 272 273 269
f 269 273 268
f 273 274 268
f 268 274 266
f 275 267 274
f 266 274 267
f 276 275 274
f 276 274 277
f 277 274 273
f 277 273 278
f 278 273 272
f 278 272 279
f 279 272 280
f 280 272 271
f 279 280 281
f 279 281 282
f 283 278 282
f 279 282 278
f 283 284 278
f 278 284 277
f 284 285 277
f 277 285 276
f 286 285 284
f 286 284 287
f 287 284 283
f 287 283 288
f 283 282 289
f 283 289 288
f 289 282 290
f 290 282 281
f 289 290 291
f 289 291 292
f 293 288 292
f 292 288 289
f 294 287 293
f 293 287 288
f 295 286 294
f 294 286 287
f 295 294 296
f 295 296 297
f 296 294 293
f 296 293 298
f 293 292 299
f 293 299 298
f 300 299 291
f 291 299 292
f 285 301 302
f 285 302 276
f 275 276 303
f 303 276 302
f 303 304 267
f 303 267 275
f 267 304 265
f 265 304 305
f 265 305 306
f 306 255 265
f 255 306 253
f 307 253 306
f 253 307 308
f 253 308 252
f 309 301 286
f 286 301 285
f 310 309 295
f 295 309 286
f 311 312 244
f 311 244 243
f 260 244 313
f 313 244 312
f 260 313 314
f 314 261 260
f 261 314 270
f 315 270 314
f 270 315 316
f 316 271 270
f 271 316 317
f 317 280 271
f 280 317 281
f 318 281 317
f 281 318 319
f 319 290 281
f 290 319 291
f 320 291 319
f 309 310 321
f 309 321 322
f 301 309 322
f 301 322 323
f 307 324 308
f 308 324 325
f 306 326 324
f 324 307 306
f 305 327 306
f 326 306 327
f 304 328 327
f 304 327 305
f 304 303 328
f 328 303 329
f 330 329 303
f 330 303 302
f 301 323 302
f 302 323 330
f 331 332 320
f 331 320 333
f 333 334 331
f 331 334 335
f 336 337 334
f 334 337 335
f 336 321 337
f 337 321 338
f 322 321 336
f 322 336 339
f 339 336 334
f 339 334 340
f 340 334 333
f 340 333 341
f 319 341 320
f 320 341 333
f 342 341 319
f 342 319 318
f 342 343 341
f 341 343 340
f 344 339 343
f 343 339 340
f 323 322 344
f 344 322 339
f 323 344 345
f 323 345 330
f 344 343 346
f 344 346 345
f 346 343 342
f 342 347 346
f 317 347 318
f 318 347 342
f 348 347 317
f 348 317 316
f 349 346 348
f 348 346 347
f 350 345 349
f 349 345 346
f 329 330 350
f 350 330 345
f 328 329 350
f 328 350 351
f 350 349 352
f 350 352 351
f 349 348 353
f 349 353 352
f 315 353 316
f 316 353 348
f 354 353 315
f 315 314 354
f 355 352 354
f 353 354 352
f 355 356 352
f 352 356 351
f 356 327 351
f 351 327 328
f 357 358 355
f 356 355 358
f 356 358 359
f 360 356 359
f 327 356 360
f 327 360 326
f 357 355 354
f 357 354 361
f 313 361 314
f 314 361 354
f 362 361 313
f 362 313 312
f 362 363 361
f 361 363 357
f 364 358 357
f 364 357 363
f 364 365 358
f 358 365 359
f 360 359 365
f 360 365 366
f 366 324 360
f 360 324 326
f 325 324 366
f 325 366 367
f 367 366 365
f 365 364 368
f 365 368 367
f 369 368 363
f 363 368 364
f 363 362 370
f 363 370 369
f 370 362 371
f 371 362 312
f 291 320 300
f 332 300 320
f 372 310 297
f 297 310 295
f 372 338 310
f 310 338 321
f 373 374 375
f 375 376 373
f 377 376 378
f 378 376 375
f 377 378 379
f 377 379 380
f 378 381 382
f 378 382 379
f 375 383 378
f 378 383 381
f 384 383 375
f 384 375 374
f 385 386 383
f 385 383 384
f 383 386 381
f 381 386 387
f 381 387 388
f 381 388 382
f 388 387 389
f 389 387 390
f 391 390 387
f 391 387 386
f 385 392 386
f 386 392 391
f 393 394 391
f 393 391 392
f 391 394 390
f 390 394 395
f 390 395 396
f 390 396 389
f 395 397 396
f 396 397 398
f 399 397 395
f 399 395 394
f 394 393 399
f 399 393 400
f 401 402 399
f 401 399 400
f 399 402 397
f 397 402 403
f 397 403 404
f 397 404 398
f 403 405 404
f 404 405 406
f 407 405 403
f 407 403 402
f 401 408 402
f 402 408 407
f 408 409 410
f 408 410 407
f 405 407 411
f 411 407 410
f 411 412 406
f 411 406 405
f 411 413 412
f 412 413 414
f 415 413 411
f 415 411 410
f 410 409 415
f 415 409 416
f 416 417 418
f 416 418 415
f 415 418 413
f 413 418 419
f 419 420 414
f 419 414 413
f 417 416 414
f 417 414 420
f 412 414 409
f 409 414 416
f 409 408 406
f 409 406 412
f 404 406 401
f 401 406 408
f 401 400 398
f 401 398 404
f 396 398 393
f 393 398 400
f 393 392 389
f 393 389 396
f 389 392 388
f 385 388 392
f 385 384 382
f 385 382 388
f 382 384 379
f 379 384 374
f 374 373 380
f 374 380 379
f 380 373 377
f 377 373 376
f 421 422 423
f 421 423 424
f 424 425 421
f 421 425 426
f 427 428 426
f 427 426 425
f 427 429 428
f 428 429 430
f 431 432 430
f 431 430 429
f 431 433 432
f 432 433 434
f 435 436 434
f 435 434 433
f 435 437 436
f 436 437 438
f 439 438 437
f 439 437 440
f 441 442 440
f 440 442 439
f 443 442 441
f 443 441 444
f 444 445 443
f 443 445 446
f 446 447 443
f 443 447 448
f 449 450 448
f 449 448 447
f 449 445 450
f 450 445 444
f 441 451 450
f 441 450 444
f 448 450 452
f 452 450 451
f 448 452 442
f 448 442 443
f 442 452 439
f 439 452 453
f 454 453 452
f 454 452 451
f 451 441 454
f 454 441 440
f 440 437 455
f 440 455 454
f 453 454 456
f 456 454 455
f 456 438 439
f 456 439 453
f 456 457 438
f 438 457 436
f 455 458 457
f 455 457 456
f 455 437 458
f 458 437 435
f 433 459 458
f 433 458 435
f 458 459 457
f 460 457 459
f 457 460 434
f 457 434 436
f 460 461 434
f 434 461 432
f 459 462 461
f 459 461 460
f 459 433 462
f 462 433 431
f 431 429 463
f 431 463 462
f 461 462 464
f 464 462 463
f 464 430 432
f 464 432 461
f 464 465 430
f 430 465 428
f 463 466 465
f 465 464 463
f 463 429 466
f 466 429 427
f 466 427 467
f 467 427 425
f 466 467 468
f 466 468 465
f 428 465 426
f 426 465 468
f 468 422 426
f 426 422 421
f 467 423 422
f 467 422 468
f 467 425 423
f 423 425 424
f 469 470 471
f 471 472 469
f 470 469 473
f 470 473 474
f 475 476 471
f 472 471 476
f 477 478 476
f 476 475 477
f 479 480 477
f 477 480 478
f 481 482 483
f 483 484 481
f 485 486 481
f 482 481 486
f 487 472 476
f 487 488 469
f 487 469 472
f 469 488 473
f 473 488 489
f 489 485 481
f 489 481 473
f 473 481 474
f 474 481 484
f 482 480 479
f 482 479 483
f 486 490 482
f 482 490 480
f 491 478 480
f 491 480 490
f 491 487 478
f 478 487 476
f 492 493 494
f 495 494 493
f 493 492 496
f 496 492 497
f 498 499 494
f 494 495 498
f 500 501 498
f 499 498 501
f 502 503 501
f 502 501 500
f 504 505 506
f 507 506 505
f 508 509 505
f 505 504 508
f 495 510 498
f 511 510 493
f 493 510 495
f 511 493 496
f 511 496 512
f 509 512 505
f 505 512 496
f 505 496 497
f 505 497 507
f 502 504 503
f 503 504 506
f 513 508 504
f 513 504 502
f 500 514 502
f 502 514 513
f 510 514 500
f 510 500 498
f 515 516 517
f 517 518 515
f 519 520 515
f 516 515 520
f 521 522 520
f 520 519 521
f 523 524 521
f 522 521 524
f 371 243 524
f 524 523 371
f 525 526 527
f 527 526 528
f 528 529 530
f 528 530 527
f 530 529 531
f 532 531 529
f 531 532 533
f 531 533 534
f 535 534 536
f 536 534 533
f 535 536 515
f 535 515 518
f 515 536 519
f 519 536 537
f 533 538 537
f 533 537 536
f 533 532 538
f 538 532 539
f 540 539 532
f 540 532 529
f 528 541 529
f 540 529 541
f 526 542 541
f 526 541 528
f 542 543 541
f 541 543 544
f 541 544 545
f 541 545 540
f 539 540 546
f 546 540 545
f 539 546 547
f 547 538 539
f 537 538 548
f 548 538 547
f 548 521 519
f 548 519 537
f 548 549 521
f 521 549 523
f 550 549 548
f 550 548 547
f 547 546 550
f 550 546 551
f 545 552 551
f 545 551 546
f 545 544 552
f 552 544 553
f 554 553 544
f 554 544 543
f 553 554 325
f 325 554 308
f 553 325 367
f 367 552 553
f 552 367 551
f 551 367 368
f 551 368 369
f 551 369 550
f 550 369 549
f 549 369 370
f 370 371 523
f 370 523 549
f 243 242 524
f 524 242 555
f 246 556 555
f 246 555 242
f 247 557 246
f 246 557 556
f 250 558 557
f 250 557 247
f 252 559 250
f 558 250 559
f 554 559 252
f 554 252 308
f 559 554 560
f 560 554 543
f 560 561 558
f 560 558 559
f 558 561 557
f 557 561 562
f 562 563 556
f 562 556 557
f 555 556 564
f 564 556 563
f 555 564 522
f 555 522 524
f 522 564 520
f 520 564 565
f 566 565 564
f 566 564 563
f 562 567 563
f 566 563 567
f 568 567 562
f 568 562 561
f 560 569 561
f 561 569 568
f 543 542 569
f 543 569 560
f 542 526 569
f 569 526 570
f 570 571 568
f 570 568 569
f 567 568 572
f 572 568 571
f 572 573 566
f 572 566 567
f 565 566 574
f 574 566 573
f 574 516 520
f 574 520 565
f 574 575 516
f 516 575 517
f 576 575 574
f 576 574 573
f 572 577 573
f 573 577 576
f 571 578 577
f 577 572 571
f 570 579 571
f 571 579 578
f 525 579 570
f 525 570 526
f 580 486 485
f 581 582 583
f 584 585 581
f 582 581 585
f 586 587 584
f 585 584 587
f 588 589 587
f 587 586 588
f 590 591 588
f 589 588 591
f 592 593 591
f 591 590 592
f 594 595 592
f 593 592 595
f 596 597 598
f 599 600 597
f 597 596 599
f 601 602 599
f 600 599 602
f 603 604 602
f 602 601 603
f 605 606 603
f 604 603 606
f 607 608 606
f 606 605 607
f 609 610 607
f 608 607 610
f 611 612 613
f 614 613 612
f 613 614 615
f 615 616 613
f 616 615 617
f 618 617 615
f 617 618 619
f 619 620 617
f 620 619 621
f 622 621 619
f 621 622 623
f 623 624 621
f 624 623 625
f 626 625 623
f 583 627 613
f 613 627 611
f 583 613 616
f 583 616 581
f 581 616 584
f 584 616 617
f 617 620 586
f 617 586 584
f 586 620 588
f 621 588 620
f 621 624 590
f 621 590 588
f 592 590 625
f 625 590 624
f 612 628 598
f 612 598 614
f 615 614 597
f 597 614 598
f 597 600 618
f 597 618 615
f 618 600 619
f 619 600 602
f 619 602 604
f 604 622 619
f 622 604 623
f 623 604 606
f 623 606 608
f 623 608 626
f 628 612 629
f 628 629 630
f 487 630 488
f 488 630 629
f 612 611 629
f 631 629 611
f 629 631 489
f 629 489 488
f 627 580 631
f 627 631 611
f 631 580 489
f 489 580 485
f 608 610 626
f 626 610 632
f 633 594 592
f 633 592 625
f 632 633 625
f 625 626 632
f 634 635 636
f 637 636 635
f 595 634 593
f 593 634 636
f 635 609 607
f 635 607 637
f 580 638 490
f 580 490 486
f 580 627 638
f 638 627 639
f 638 640 490
f 490 640 491
f 639 641 640
f 640 638 639
f 630 487 491
f 630 491 640
f 641 628 640
f 640 628 630
f 607 605 637
f 637 605 642
f 603 643 642
f 603 642 605
f 601 644 603
f 643 603 644
f 599 645 644
f 599 644 601
f 596 646 599
f 599 646 645
f 647 646 596
f 647 596 598
f 628 641 598
f 598 641 647
f 591 593 636
f 591 636 648
f 649 589 648
f 591 648 589
f 650 587 589
f 650 589 649
f 650 651 587
f 587 651 585
f 652 582 585
f 652 585 651
f 653 583 652
f 652 583 582
f 627 583 653
f 627 653 639
f 642 648 636
f 636 637 642
f 643 649 642
f 648 642 649
f 644 650 649
f 649 643 644
f 645 651 644
f 650 644 651
f 646 652 651
f 651 645 646
f 647 653 646
f 652 646 653
f 641 639 653
f 653 647 641
f 508 654 509
f 655 656 657
f 658 659 656
f 656 655 658
f 660 661 659
f 659 658 660
f 662 663 660
f 661 660 663
f 664 665 663
f 663 662 664
f 666 667 664
f 665 664 667
f 668 669 667
f 667 666 668
f 670 671 672
f 673 674 670
f 671 670 674
f 675 676 674
f 674 673 675
f 677 678 675
f 676 675 678
f 679 680 678
f 678 677 679
f 681 682 679
f 680 679 682
f 683 684 682
f 682 681 683
f 685 686 687
f 687 688 685
f 688 687 689
f 690 689 687
f 689 690 691
f 691 692 689
f 692 691 693
f 694 693 691
f 693 694 695
f 695 696 693
f 696 695 697
f 698 697 695
f 697 698 699
f 699 700 697
f 701 657 687
f 701 687 686
f 687 657 690
f 690 657 656
f 690 656 659
f 690 659 691
f 694 691 661
f 661 691 659
f 694 661 663
f 663 695 694
f 698 695 665
f 665 695 663
f 665 667 699
f 665 699 698
f 702 685 672
f 672 685 688
f 688 689 670
f 688 670 672
f 673 670 692
f 692 670 689
f 673 692 693
f 673 693 675
f 675 693 677
f 696 677 693
f 677 696 697
f 677 697 679
f 679 697 681
f 681 697 700
f 685 702 703
f 703 702 704
f 704 510 511
f 704 511 703
f 686 685 703
f 703 705 686
f 705 703 512
f 512 703 511
f 654 701 705
f 705 701 686
f 654 705 512
f 654 512 509
f 683 681 700
f 683 700 706
f 669 707 667
f 667 707 699
f 707 706 699
f 700 699 706
f 708 709 710
f 710 711 708
f 709 668 666
f 709 666 710
f 684 708 682
f 682 708 711
f 712 654 513
f 513 654 508
f 701 654 712
f 701 712 713
f 714 712 513
f 714 513 514
f 715 713 714
f 712 714 713
f 510 704 514
f 514 704 714
f 702 715 714
f 702 714 704
f 680 682 711
f 680 711 716
f 717 678 716
f 716 678 680
f 718 676 678
f 678 717 718
f 719 674 718
f 718 674 676
f 720 671 674
f 720 674 719
f 720 721 671
f 671 721 672
f 715 702 672
f 715 672 721
f 666 664 710
f 710 664 722
f 662 723 722
f 722 664 662
f 660 724 662
f 662 724 723
f 725 724 660
f 725 660 658
f 655 726 658
f 658 726 725
f 657 727 726
f 657 726 655
f 657 701 727
f 727 701 713
f 722 716 710
f 711 710 716
f 723 717 716
f 716 722 723
f 724 718 723
f 717 723 718
f 725 719 718
f 718 724 725
f 726 720 725
f 719 725 720
f 727 721 720
f 720 726 727
f 713 715 727
f 721 727 715
f 137 136 130
f 137 130 107
f 138 135 127
f 138 127 116
f 132 119 122
f 122 131 132
f 728 101 103
f 728 103 729
f 728 730 101
f 101 730 731
f 105 732 733
f 105 733 103
f 105 106 732
f 732 106 734
f 90 734 106
f 99 735 94
f 98 736 99
f 99 736 735
f 731 736 98
f 731 98 101
f 737 738 739
f 740 738 737
f 740 737 741
f 742 739 738
f 742 738 743
f 744 733 743
f 743 733 742
f 745 746 741
f 741 737 745
f 747 748 745
f 746 745 748
f 749 750 747
f 748 747 750
f 751 752 750
f 750 749 751
f 753 754 751
f 752 751 754
f 755 756 754
f 754 753 755
f 757 758 755
f 756 755 758
f 759 760 758
f 758 757 759
f 761 762 759
f 760 759 762
f 763 764 762
f 762 761 763
f 765 766 763
f 764 763 766
f 767 766 765
f 768 769 770
f 770 771 768
f 772 773 768
f 769 768 773
f 774 775 773
f 773 772 774
f 776 777 775
f 775 774 776
f 778 779 776
f 777 776 779
f 780 781 779
f 779 778 780
f 782 783 780
f 781 780 783
f 784 785 783
f 783 782 784
f 786 787 784
f 785 784 787
f 788 789 787
f 788 787 786
f 788 790 789
f 791 792 734
f 734 792 732
f 734 90 793
f 734 793 791
f 794 793 1
f 1 793 90
f 1 795 796
f 1 796 794
f 733 732 742
f 742 732 792
f 797 739 792
f 792 739 742
f 797 792 791
f 797 791 798
f 798 791 799
f 799 791 793
f 799 793 794
f 800 739 797
f 797 798 801
f 797 801 800
f 801 798 802
f 802 798 799
f 802 799 794
f 802 794 803
f 803 794 804
f 803 804 805
f 806 805 807
f 807 805 804
f 806 807 808
f 806 808 809
f 804 794 796
f 796 810 811
f 796 811 804
f 807 804 811
f 807 811 812
f 807 812 808
f 761 759 808
f 808 759 809
f 808 812 763
f 808 763 761
f 739 800 745
f 739 745 737
f 747 745 813
f 813 745 800
f 813 800 801
f 813 801 814
f 815 814 802
f 802 814 801
f 802 803 816
f 802 816 815
f 816 803 805
f 805 806 817
f 805 817 816
f 817 806 757
f 757 806 809
f 757 809 759
f 747 813 814
f 747 814 749
f 749 814 751
f 751 814 815
f 815 816 753
f 815 753 751
f 753 816 755
f 817 755 816
f 755 817 757
f 810 796 770
f 770 796 795
f 810 770 769
f 810 769 818
f 818 769 819
f 819 769 773
f 819 773 775
f 819 775 820
f 811 810 821
f 821 810 818
f 818 819 822
f 818 822 821
f 823 822 820
f 820 822 819
f 812 811 824
f 824 811 821
f 821 822 825
f 821 825 824
f 826 825 823
f 823 825 822
f 763 812 765
f 765 812 824
f 765 824 825
f 765 825 767
f 827 767 826
f 826 767 825
f 777 828 820
f 777 820 775
f 820 828 823
f 823 828 829
f 823 829 830
f 823 830 826
f 827 826 831
f 831 826 830
f 779 832 828
f 779 828 777
f 828 832 829
f 829 832 833
f 833 834 830
f 833 830 829
f 831 830 835
f 835 830 834
f 781 836 832
f 781 832 779
f 832 836 833
f 833 836 837
f 833 837 838
f 833 838 834
f 835 834 839
f 839 834 838
f 836 781 783
f 783 785 837
f 783 837 836
f 838 837 787
f 787 837 785
f 838 787 789
f 838 789 839
f 839 789 790
f 788 839 790
f 788 786 839
f 839 786 840
f 784 841 840
f 784 840 786
f 784 782 841
f 841 782 842
f 780 842 782
f 843 835 839
f 843 839 840
f 841 844 840
f 840 844 843
f 842 845 844
f 842 844 841
f 842 780 845
f 845 780 778
f 843 846 831
f 843 831 835
f 843 844 846
f 846 844 847
f 848 847 844
f 848 844 845
f 845 778 848
f 848 778 776
f 849 827 831
f 849 831 846
f 847 850 846
f 846 850 849
f 848 851 850
f 848 850 847
f 848 776 851
f 851 776 774
f 852 756 758
f 853 754 756
f 756 852 853
f 853 854 754
f 754 854 752
f 855 750 752
f 855 752 854
f 856 748 855
f 855 748 750
f 857 758 760
f 858 852 758
f 858 758 857
f 858 859 852
f 852 859 853
f 860 853 859
f 860 861 853
f 853 861 854
f 855 854 861
f 855 861 862
f 863 856 862
f 862 856 855
f 746 748 856
f 746 856 863
f 863 864 746
f 746 864 741
f 740 741 864
f 767 827 849
f 767 849 865
f 866 766 865
f 865 766 767
f 867 764 766
f 867 766 866
f 867 868 764
f 764 868 762
f 857 760 762
f 857 762 868
f 865 849 850
f 865 850 869
f 869 870 865
f 865 870 866
f 871 867 866
f 871 866 870
f 871 872 867
f 867 872 868
f 873 872 871
f 869 850 851
f 869 851 874
f 874 875 869
f 869 875 870
f 876 871 870
f 876 870 875
f 876 877 871
f 871 877 873
f 878 873 877
f 872 858 868
f 868 858 857
f 859 858 872
f 859 872 873
f 878 860 873
f 873 860 859
f 879 861 878
f 878 861 860
f 880 862 861
f 880 861 879
f 880 881 862
f 862 881 863
f 864 863 881
f 882 879 878
f 883 880 879
f 883 879 882
f 883 884 880
f 880 884 881
f 864 881 884
f 864 884 885
f 885 886 864
f 864 886 740
f 738 740 886
f 729 744 887
f 729 887 743
f 743 738 729
f 729 738 728
f 886 730 728
f 886 728 738
f 886 885 730
f 730 885 731
f 736 731 885
f 736 885 884
f 772 874 774
f 774 874 851
f 768 875 874
f 768 874 772
f 771 876 768
f 768 876 875
f 877 876 771
f 877 771 81
f 81 95 877
f 877 95 878
f 882 878 95
f 882 95 94
f 94 735 882
f 882 735 883
f 736 884 883
f 736 883 735