# Blender v2.71 (sub 0) OBJ File: 'basic bulb shape2.blend'
# www.blender.org
mtllib basic bulb shape2.mtl
o Cube.001_Cube.005
v -2.398786 4.101409 2.398786
v -2.398786 4.101409 -2.398786
v 2.398786 4.101409 -2.398786
v 2.398786 4.101409 2.398786
v -1.770991 16.566071 1.770991
v -1.770991 16.566071 -1.770991
v 1.770991 16.566071 -1.770991
v 1.770991 16.566071 1.770991
v -1.770991 16.566071 0.000000
v -2.398786 4.101409 0.000000
v 0.000000 16.566071 -1.770991
v 0.000000 4.101409 -2.398786
v 1.770991 16.566071 0.000000
v 2.398786 4.101409 0.000000
v 0.000000 16.566071 1.770991
v 0.000000 4.101409 2.398786
v -1.770991 16.566071 -0.885496
v -2.398786 4.101409 1.199393
v 0.885496 16.566071 -1.770991
v -1.199393 4.101409 -2.398786
v 1.770991 16.566071 0.885496
v 2.398786 4.101409 -1.199393
v -0.885496 16.566071 1.770991
v 1.199393 4.101409 2.398786
v -1.770991 16.566071 0.885496
v -2.398786 4.101409 -1.199393
v -0.885496 16.566071 -1.770991
v 1.199393 4.101409 -2.398786
v 1.770991 16.566071 -0.885496
v 2.398786 4.101409 1.199393
v 0.885496 16.566071 1.770991
v -1.199393 4.101409 2.398786
v -5.167234 14.827999 5.167234
v -1.770991 16.566071 -1.328243
v -5.167234 6.463806 -5.167234
v -2.398786 4.101409 1.799089
v 1.328243 16.566071 -1.770991
v 5.167234 6.463806 -5.167234
v -1.799089 4.101409 -2.398786
v 1.770991 16.566071 1.328243
v 5.167234 6.463806 5.167234
v 2.398786 4.101409 -1.799089
v -1.328243 16.566071 1.770991
v 1.799089 4.101409 2.398786
v -5.167234 6.463806 5.167234
v -1.770991 16.566071 1.328243
v -5.167234 14.827999 -5.167234
v -2.398786 4.101409 -1.799089
v -1.328243 16.566071 -1.770991
v 5.167234 14.827999 -5.167234
v 1.799089 4.101409 -2.398786
v 1.770991 16.566071 -1.328243
v 5.167234 14.827999 5.167234
v 2.398786 4.101409 1.799089
v 1.328243 16.566071 1.770991
v -1.799089 4.101409 2.398786
v -5.167234 6.463806 0.000000
v -5.167234 14.827999 0.000000
v 0.000000 6.463806 -5.167234
v 0.000000 14.827999 -5.167234
v 5.167234 6.463806 0.000000
v 5.167234 14.827999 0.000000
v 0.000000 6.463806 5.167234
v 0.000000 14.827999 5.167234
v -1.770991 16.566071 -0.442748
v -2.398786 4.101409 0.599697
v 0.442748 16.566071 -1.770991
v -0.599697 4.101409 -2.398786
v 1.770991 16.566071 0.442748
v 2.398786 4.101409 -0.599697
v -0.442748 16.566071 1.770991
v 0.599697 4.101409 2.398786
v -1.770991 16.566071 0.442748
v -2.398786 4.101409 -0.599697
v -0.442748 16.566071 -1.770991
v 0.599697 4.101409 -2.398786
v 1.770991 16.566071 -0.442748
v 2.398786 4.101409 0.599697
v 0.442748 16.566071 1.770991
v -0.599697 4.101409 2.398786
v -5.167234 6.463806 -2.583617
v 2.583617 6.463806 -5.167234
v 5.167234 6.463806 2.583617
v -2.583617 6.463806 5.167234
v -5.167234 6.463806 2.583617
v -5.167234 14.827999 2.583617
v -5.167234 14.827999 -2.583617
v -2.583617 6.463806 -5.167234
v -2.583617 14.827999 -5.167234
v 2.583617 14.827999 -5.167234
v 5.167234 6.463806 -2.583617
v 5.167234 14.827999 -2.583617
v 5.167234 14.827999 2.583617
v 2.583617 6.463806 5.167234
v 2.583617 14.827999 5.167234
v -2.583617 14.827999 5.167234
v -5.167234 6.463806 -3.875425
v 3.875425 6.463806 -5.167234
v 5.167234 6.463806 3.875425
v -3.875425 6.463806 5.167234
v -5.167234 6.463806 1.291808
v -1.291808 6.463806 -5.167234
v 5.167234 6.463806 -1.291808
v 1.291808 6.463806 5.167234
v -5.167234 6.463806 -1.291808
v 1.291808 6.463806 -5.167234
v 5.167234 6.463806 1.291808
v -1.291808 6.463806 5.167234
v -5.167234 6.463806 3.875425
v -5.167234 14.827999 3.875425
v -5.167234 14.827999 1.291808
v -5.167234 14.827999 -1.291808
v -5.167234 14.827999 -3.875425
v -3.875425 6.463806 -5.167234
v -3.875425 14.827999 -5.167234
v -1.291808 14.827999 -5.167234
v 1.291808 14.827999 -5.167234
v 3.875425 14.827999 -5.167234
v 5.167234 6.463806 -3.875425
v 5.167234 14.827999 -3.875425
v 5.167234 14.827999 -1.291808
v 5.167234 14.827999 1.291808
v 5.167234 14.827999 3.875425
v 3.875425 6.463806 5.167234
v 3.875425 14.827999 5.167234
v 1.291808 14.827999 5.167234
v -1.291808 14.827999 5.167234
v -3.875425 14.827999 5.167234
usemtl None
s off
f 97 35 2 48
f 98 38 3 51
f 99 41 4 54
f 100 45 1 56
f 101 57 10 66
f 102 59 12 68
f 103 61 14 70
f 104 63 16 72
f 105 81 26 74
f 106 82 28 76
f 107 83 30 78
f 108 84 32 80
f 109 85 18 36
f 114 88 20 39
f 116 60 117 90 118 50 38 98 82 106 59 102 88 114 35 47 115 89
f 119 91 22 42
f 124 94 24 44
f 81 97 48 26
f 126 64 127 96 128 33 45 100 84 108 63 104 94 124 41 53 125 95
f 82 98 51 28
f 111 58 112 87 113 47 35 97 81 105 57 101 85 109 45 33 110 86
f 83 99 54 30
f 84 100 56 32
f 121 62 122 93 123 53 41 99 83 107 61 103 91 119 38 50 120 92
f 85 101 66 18
f 88 102 68 20
f 91 103 70 22
f 94 104 72 24
f 57 105 74 10
f 59 106 76 12
f 61 107 78 14
f 63 108 80 16
f 45 109 36 1
f 5 46 110 33
f 46 25 86 110
f 25 73 111 86
f 73 9 58 111
f 9 65 112 58
f 65 17 87 112
f 17 34 113 87
f 34 6 47 113
f 35 114 39 2
f 6 49 115 47
f 49 27 89 115
f 27 75 116 89
f 75 11 60 116
f 11 67 117 60
f 67 19 90 117
f 19 37 118 90
f 37 7 50 118
f 38 119 42 3
f 7 52 120 50
f 52 29 92 120
f 29 77 121 92
f 77 13 62 121
f 13 69 122 62
f 69 21 93 122
f 21 40 123 93
f 40 8 53 123
f 41 124 44 4
f 8 55 125 53
f 55 31 95 125
f 31 79 126 95
f 79 15 64 126
f 15 71 127 64
f 71 23 96 127
f 23 43 128 96
f 43 5 33 128
f 49 6 34 17 65 9 73 25 46 5 43 23 71 15 79 31 55 8 40 21 69 13 77 29 52 7 37 19 67 11 75 27
f 51 3 42 22 70 14 78 30 54 4 44 24 72 16 80 32 56 1 36 18 66 10 74 26 48 2 39 20 68 12 76 28
o Cube_Cube.002
v -2.077617 -2.664872 2.077617
v -2.077617 -2.664872 -2.077617
v 2.077617 -2.664872 -2.077617
v 2.077617 -2.664872 2.077617
v -2.077617 3.890222 2.077617
v -2.077617 3.890222 -2.077617
v 2.077617 3.890222 -2.077617
v 2.077617 3.890222 2.077617
usemtl None
s off
f 133 134 130 129
f 134 135 131 130
f 135 136 132 131
f 136 133 129 132
f 129 130 131 132
f 136 135 134 133
