# 3ds Max Wavefront OBJ Exporter v0.97b - (c)2007 guruware
# 创建的文件:26.03.2015 03:03:55

#
# object Helix001
#

v  -2.2263 -4.0020 -8.0810
v  -2.2742 -4.1892 -8.1554
v  -1.8644 -4.5635 -8.2646
v  -2.1481 -4.2187 -8.6334
v  -2.0768 -3.7640 -8.6895
v  -1.7993 -3.9653 -9.2019
v  -1.6655 -3.5232 -9.1719
v  -1.2137 -3.4972 -8.7870
v  -1.4285 -3.3649 -9.0986
v  -1.3360 -3.9712 -9.4214
v  -1.2243 -3.7090 -9.5542
v  -0.9337 -3.9715 -8.9807
v  -0.6534 -3.8624 -9.4262
v  -0.2684 -3.5576 -9.5031
v  -0.2168 -3.1046 -9.4197
v  0.1155 -3.5528 -9.1746
v  -0.0884 -3.6371 -8.8397
v  -0.2421 -3.3186 -8.6017
v  -0.2198 -3.0802 -8.5600
v  0.0926 -2.7814 -8.9265
v  0.3930 -3.0250 -9.0310
v  -0.0550 -2.9921 -7.7975
v  -0.1583 -2.7700 -7.7775
v  0.3944 -2.9737 -7.4095
v  -0.1771 -2.5315 -7.7349
v  0.2794 -2.2680 -7.5264
v  -0.1541 -2.9303 -7.3072
v  0.0867 -2.5562 -6.9008
v  -0.0582 -2.2795 -6.8451
v  -0.4972 -2.7008 -6.8624
v  -0.8545 -2.4484 -7.3566
v  -0.9027 -2.2209 -7.4334
v  -0.9327 -1.8241 -7.2916
v  -1.0304 -1.7568 -6.9085
v  -1.2131 -2.0419 -6.6948
v  -1.4635 -1.9499 -7.8437
v  -2.0475 -1.6185 -7.4056
v  -1.8618 -2.0934 -7.9197
v  -1.4672 -1.6716 -8.0211
v  -1.6406 -1.2859 -8.0095
v  -1.9022 -1.8938 -8.4439
v  -1.5097 -1.7106 -8.4625
v  -2.1335 -1.2078 -8.4655
v  -1.8073 -0.9703 -8.9989
v  -1.1600 -1.3571 -8.7549
v  -1.0718 -1.4520 -8.9701
v  -1.0969 -1.1221 -8.7449
v  -1.3000 -0.8043 -8.8790
v  -1.0650 -1.3888 -9.4059
v  -1.0783 -0.7922 -9.5244
v  -0.4544 -1.2417 -9.2636
v  -0.0569 -0.9982 -9.3231
v  -0.3071 -1.0190 -8.8145
v  -0.3835 -0.4409 -8.8167
v  -0.2025 -0.3102 -9.1498
v  0.4389 -0.8083 -8.6054
v  0.6828 -0.3352 -7.8507
v  0.3768 -0.5892 -7.8020
v  -0.0887 -0.0682 -7.9370
v  0.0270 0.1011 -7.9667
v  0.4058 0.2038 -7.8844
v  0.4462 0.1128 -7.3028
v  -0.3002 0.2637 -6.7018
v  -0.6097 -0.1085 -7.1992
v  -0.6854 0.2422 -7.4265
v  -0.8814 0.0802 -6.7587
v  -0.7304 0.4801 -7.4042
v  -0.6415 0.7155 -6.8962
v  -0.9730 0.5201 -6.6487
v  -1.5020 0.6051 -6.9588
v  -1.5314 0.2394 -7.1182
v  -1.2764 0.1251 -7.4059
v  -0.9921 0.3765 -7.5341
v  -0.9357 0.5700 -7.4865
v  -1.0660 0.8471 -7.2284
v  -1.0472 0.8657 -7.5900
v  -1.3589 0.6243 -8.0770
v  -1.1152 0.1159 -8.0276
v  -0.6547 0.3572 -7.8015
v  -1.7305 -3.9417 -7.8756
v  -2.0350 -3.9417 -7.8995
v  0.6754 -4.0020 -8.1671
v  0.7233 -4.1892 -8.0927
v  0.3135 -4.5635 -7.9835
v  0.5972 -4.2187 -7.6147
v  0.5259 -3.7640 -7.5586
v  0.2485 -3.9653 -7.0462
v  0.1147 -3.5232 -7.0763
v  -0.3372 -3.4972 -7.4612
v  -0.1224 -3.3649 -7.1496
v  -0.2149 -3.9712 -6.8268
v  -0.3266 -3.7090 -6.6940
v  -0.6172 -3.9715 -7.2674
v  -0.8975 -3.8624 -6.8219
v  -1.2824 -3.5576 -6.7451
v  -1.3340 -3.1046 -6.8284
v  -1.6664 -3.5528 -7.0736
v  -1.4625 -3.6371 -7.4084
v  -1.3088 -3.3186 -7.6465
v  -1.3311 -3.0802 -7.6881
v  -1.6435 -2.7814 -7.3216
v  -1.9439 -3.0250 -7.2172
v  -1.4959 -2.9921 -8.4507
v  -1.3926 -2.7700 -8.4706
v  -1.9453 -2.9737 -8.8386
v  -1.3738 -2.5315 -8.5132
v  -1.8303 -2.2680 -8.7218
v  -1.3968 -2.9303 -8.9410
v  -1.6376 -2.5562 -9.3473
v  -1.4927 -2.2795 -9.4030
v  -1.0537 -2.7008 -9.3857
v  -0.6964 -2.4484 -8.8915
v  -0.6482 -2.2209 -8.8147
v  -0.3506 -2.4616 -9.0009
v  -0.6182 -1.8241 -8.9565
v  -0.5205 -1.7568 -9.3396
v  -0.3378 -2.0419 -9.5533
v  -0.2528 -2.3944 -9.3840
v  -0.0873 -1.9499 -8.4044
v  0.4967 -1.6185 -8.8425
v  0.3109 -2.0934 -8.3284
v  0.6215 -1.9093 -8.5025
v  -0.0837 -1.6716 -8.2270
v  0.0897 -1.2859 -8.2386
v  0.6497 -1.3701 -8.2068
v  -0.0411 -1.7106 -7.7856
v  0.5013 -1.1278 -7.5865
v  0.0148 -1.6117 -7.1482
v  -0.3909 -1.3571 -7.4933
v  -0.3642 -0.9367 -7.4814
v  -0.2509 -0.8043 -7.3691
v  -0.2598 -0.8746 -6.7748
v  -1.0589 -1.2278 -7.1882
v  -0.9036 -0.6293 -6.7236
v  -1.1383 -0.8552 -7.5043
v  -1.6766 -0.9175 -7.0369
v  -1.1705 -0.6171 -7.5403
v  -1.3484 -0.3102 -7.0984
v  -1.8462 -0.6557 -7.0755
v  -2.0971 -0.6713 -7.5299
v  -1.9898 -0.8083 -7.6427
v  -1.7234 -0.6970 -8.1050
v  -2.2337 -0.3352 -8.3975
v  -1.9277 -0.5892 -8.4461
v  -1.4901 -0.1132 -8.1948
v  -1.5249 -0.4281 -8.4744
v  -1.5779 0.1011 -8.2814
v  -1.9567 0.2038 -8.3637
v  -1.6550 0.0921 -9.3403
v  -0.7946 -0.0517 -9.0841
v  -0.8654 0.2422 -8.8216
v  -0.8034 0.4349 -9.6172
v  -0.6694 0.0802 -9.4894
v  -0.8205 0.4801 -8.8439
v  -0.9094 0.7155 -9.3519
v  -0.5778 0.5201 -9.5994
v  -0.0489 0.6051 -9.2893
v  -0.0195 0.2394 -9.1299
v  -0.2744 0.1251 -8.8423
v  -0.5587 0.3765 -8.7140
v  -0.6151 0.5700 -8.7616
v  -0.4849 0.8471 -9.0197
v  -0.5036 0.8657 -8.6581
v  -0.1919 0.6243 -8.1711
v  -0.4357 0.1159 -8.2205
v  -0.8961 0.3572 -8.4466
v  0.3330 -3.9034 -8.3749
v  0.4841 -3.9417 -8.3486
v  -2.1825 -4.0193 -8.0979
v  -2.1745 -4.3478 -8.2266
v  -1.8641 -4.5136 -8.2660
v  -1.3378 -3.7760 -8.6392
v  -1.5761 -3.5471 -8.7553
v  -1.7686 -3.9527 -9.1645
v  -1.1951 -3.8976 -8.7649
v  -0.8378 -3.3740 -9.5272
v  -0.6685 -3.8222 -9.4006
v  -0.5297 -3.4470 -8.8341
v  -0.4526 -3.6043 -8.8793
v  -0.5817 -3.2796 -8.8787
v  -0.5651 -3.0840 -9.1690
v  0.5547 -2.8768 -8.6128
v  0.0167 -3.1123 -8.1890
v  0.4953 -3.2410 -8.2157
v  -0.0263 -2.9013 -8.1195
v  0.0141 -2.7364 -8.1818
v  0.3109 -2.5620 -8.2477
v  0.6754 -2.8771 -8.1287
v  -0.3362 -2.7542 -7.3557
v  -0.3418 -2.2441 -7.4312
v  -0.1511 -2.1083 -7.1700
v  -0.0938 -2.1677 -7.0080
v  -0.4070 -2.5448 -6.7756
v  -0.8988 -2.5659 -7.0003
v  -0.8445 -2.4219 -7.3154
v  -0.9174 -1.9761 -6.7498
v  -0.9737 -1.9994 -7.3796
v  -1.0851 -1.8072 -7.3191
v  -1.4589 -2.1371 -6.8599
v  -1.5770 -2.2929 -7.2225
v  -1.3531 -2.2173 -7.4820
v  -1.4904 -1.7406 -6.9867
v  -1.3747 -1.8100 -7.6704
v  -1.9561 -1.8886 -7.2847
v  -2.0110 -1.6390 -7.4330
v  -1.5144 -1.5532 -7.8180
v  -1.7859 -1.3918 -7.6657
v  -1.7193 -1.9448 -8.0857
v  -1.5801 -1.7301 -8.3302
v  -2.2074 -1.4728 -8.3312
v  -2.0174 -1.7020 -8.6240
v  -1.4872 -1.5283 -8.3828
v  -1.4669 -1.3118 -8.4415
v  -1.5374 -1.6500 -8.8275
v  -1.7924 -1.0081 -8.7130
v  -1.3519 -1.3072 -9.3994
v  -1.4674 -0.9796 -9.3534
v  -0.9616 -1.2392 -8.9047
v  -0.8223 -0.8152 -8.8991
v  -0.5114 -0.9816 -9.5318
v  -0.7316 -0.6270 -8.9978
v  -0.7009 -0.5647 -9.3419
v  -0.3524 -1.1239 -9.0413
v  -0.2540 -0.5780 -8.6648
v  0.1947 -0.4828 -9.1644
v  0.1708 -0.8761 -8.6589
v  -0.1631 -0.3703 -8.6525
v  0.3823 -0.6122 -8.0021
v  0.0536 -0.4974 -8.0454
v  0.6535 -0.1519 -7.9254
v  -0.0315 -0.2963 -7.9787
v  -0.0439 -0.0798 -7.9179
v  0.2152 0.1555 -7.9271
v  0.5302 0.0763 -7.7934
v  0.2641 0.1769 -7.1599
v  -0.3218 -0.1786 -7.3202
v  -0.2858 -0.1125 -6.9315
v  -0.3648 0.3199 -7.4464
v  -0.4018 0.4986 -7.3013
v  -0.4846 0.4986 -6.7774
v  -0.8926 0.0506 -7.1365
v  -0.7999 0.2961 -7.3682
v  -0.8930 0.6538 -6.7760
v  -1.0681 0.1893 -6.8080
v  -0.9404 0.3482 -7.3832
v  -0.8232 0.6580 -7.2690
v  -0.8380 0.7399 -6.9270
v  -1.3525 0.7315 -7.0120
v  -1.4926 0.2676 -7.1323
v  -1.2800 0.1749 -7.4035
v  -1.0350 0.4001 -7.5441
v  -1.0034 0.7133 -7.3717
v  -1.0796 0.7990 -7.2285
v  -1.0624 0.8184 -7.5955
v  -1.2301 0.7567 -7.9955
v  -1.1009 0.1620 -8.0145
v  -0.6838 0.3743 -7.8385
v  -2.0010 -4.3965 -8.1079
v  -1.6404 -4.3046 -8.0391
v  0.6317 -4.0193 -8.1502
v  0.6237 -4.3478 -8.0215
v  -0.2131 -3.7760 -7.6089
v  0.0252 -3.5471 -7.4928
v  0.2177 -3.9527 -7.0836
v  -0.3558 -3.8976 -7.4832
v  -0.7130 -3.3740 -6.7210
v  -0.8823 -3.8222 -6.8475
v  -1.0212 -3.4470 -7.4140
v  -1.0983 -3.6043 -7.3689
v  -0.9692 -3.2796 -7.3694
v  -0.9858 -3.0840 -7.0791
v  -1.9270 -3.3867 -7.6656
v  -2.1056 -2.8768 -7.6353
v  -1.5676 -3.1123 -8.0591
v  -1.5246 -2.9013 -8.1286
v  -1.5649 -2.7364 -8.0663
v  -1.8618 -2.5620 -8.0005
v  -2.2263 -2.8771 -8.1195
v  -1.9585 -2.5451 -8.9443
v  -1.8140 -2.8615 -8.9871
v  -1.3221 -2.8074 -8.8006
v  -1.2332 -2.4495 -8.7222
v  -1.4401 -2.1942 -8.8429
v  -1.0612 -2.6595 -9.3585
v  -0.8260 -2.6316 -9.2341
v  -0.8379 -2.4716 -8.9224
v  -0.8447 -2.0560 -9.5150
v  -0.7013 -2.0474 -8.8983
v  -0.7315 -1.8494 -9.1858
v  -0.2938 -2.2194 -9.4718
v  -0.1318 -2.3627 -9.1223
v  -0.3159 -2.2694 -8.8385
v  0.2059 -1.8025 -9.1651
v  -0.0868 -1.6028 -8.5518
v  0.1684 -1.4574 -8.7435
v  0.4679 -2.0045 -8.4148
v  0.1335 -2.0010 -8.3075
v  0.0293 -1.8306 -8.1841
v  0.6565 -1.6390 -8.3567
v  0.6090 -1.3973 -8.1966
v  0.5769 -1.5594 -7.6449
v  0.0210 -1.1646 -7.8156
v  0.3374 -1.0772 -7.6914
v  0.5212 -1.3071 -7.5003
v  -0.1282 -1.5744 -7.5393
v  -0.2606 -1.3854 -7.5445
v  0.2355 -1.3111 -7.0880
v  -0.5908 -1.3562 -7.2051
v  -0.2817 -0.8988 -6.8127
v  -0.5340 -0.7347 -7.2505
v  -1.0394 -0.9816 -6.7164
v  -1.1984 -1.1239 -7.2068
v  -1.0387 -0.8887 -7.4111
v  -1.0951 -0.6721 -7.4367
v  -1.3019 -0.5035 -6.8906
v  -1.1991 -0.4710 -7.4072
v  -1.3572 -0.3562 -7.1157
v  -1.8097 -0.6506 -7.1092
v  -1.7217 -0.8761 -7.5892
v  -1.5628 -0.5981 -7.9393
v  -1.5194 -0.3905 -8.0201
v  -2.1294 -0.1598 -7.8353
v  -1.9332 -0.6122 -8.2460
v  -1.5464 -0.1751 -8.0810
v  -1.8165 0.0336 -8.0022
v  -1.4339 -0.2880 -8.7233
v  -1.8150 0.1769 -9.0882
v  -1.3980 0.2210 -8.6477
v  -1.5265 0.4281 -8.9474
v  -1.2651 -0.1125 -9.3167
v  -1.0663 0.4986 -9.4707
v  -0.7510 0.2961 -8.8799
v  -0.8681 0.6060 -8.9914
v  -0.6579 0.6538 -9.4722
v  -0.4828 0.1893 -9.4401
v  -0.4954 0.1125 -9.0960
v  -0.6105 0.3482 -8.8650
v  -0.7129 0.7399 -9.3211
v  -0.1983 0.7315 -9.2361
v  -0.0583 0.2676 -9.1158
v  -0.2709 0.1749 -8.8446
v  -0.5158 0.4001 -8.7040
v  -0.5656 0.5750 -8.7568
v  -0.4884 0.8184 -8.6526
v  -0.4500 0.1620 -8.2337
v  -0.8671 0.3743 -8.4096
v  -0.8709 0.5568 -8.4346
v  -0.4707 0.8334 -8.3227
v  0.5873 -4.1805 -8.2176
v  0.3147 -4.4303 -8.1380
v  0.0895 -4.3046 -8.2091
v  -2.1458 -4.0451 -7.9514
v  0.6753 -4.8962 -8.1240
v  0.5103 -5.0182 -7.4688
v  0.4786 -6.3699 -8.6435
v  0.5317 -3.8916 -8.4276
v  -0.0616 -4.5581 -7.1361
v  0.1262 -4.1827 -9.1809
v  0.1564 -3.9930 -8.2488
v  0.6325 -4.0318 -8.3414
v  0.5963 -3.9115 -8.4484
v  0.1627 -4.3360 -8.1365
v  0.6005 -4.7497 -7.9065
v  -0.7070 -4.3385 -7.2023
v  -0.6669 -4.6558 -6.7384
v  0.6474 -4.3012 -8.2330
v  -0.3784 -4.4427 -8.4713
v  -0.3290 -4.4874 -7.8432
v  -0.5059 -4.4874 -7.6662
v  -0.2516 -4.4714 -8.1653
v  0.1836 -3.7814 -8.4342
v  0.2505 -4.4286 -8.1041
v  -2.1710 -6.1312 -8.4591
v  -1.7958 -5.0182 -9.1447
v  -1.2212 -4.9813 -9.4968
v  -1.7285 -6.4509 -7.3097
v  -1.9328 -6.3699 -7.4148
v  -0.8819 -6.3699 -9.4772
v  -1.8529 -3.8154 -7.5734
v  -2.0825 -3.8916 -7.8205
v  -2.1329 -4.3793 -8.1033
v  -1.8313 -4.0736 -7.2215
v  -1.7073 -3.9930 -7.9994
v  -2.1834 -4.0318 -7.9067
v  -2.1472 -3.9115 -7.7997
v  -1.7136 -4.3360 -8.1116
v  -2.1514 -4.7497 -8.3416
v  -0.8501 -4.4713 -7.5954
v  -1.2601 -4.4431 -7.9198
v  -1.2219 -4.4874 -8.4049
v  -0.8122 -4.4830 -8.6588
v  -1.7663 -3.8247 -7.8968
v  -1.8014 -4.4286 -8.1441
v  -1.3014 -4.4133 -8.9939
v  -1.0067 -4.3928 -9.1160
v  -0.4801 -4.3040 -8.4806
v  -0.3512 -4.3040 -7.9435
v  -0.6756 -4.3040 -7.6664
v  -1.0979 -4.3040 -7.7926
v  -1.1997 -4.3040 -8.3047
v  -0.8074 -4.3040 -8.5929
v  -1.2340 -4.3040 -8.0880
v  -0.4095 -4.2735 -8.1234
v  -2.0034 -4.5265 -8.2684
v  -1.6051 -4.4484 -8.2020
v  -1.8340 -4.4740 -8.4948
v  -1.6925 -4.4133 -8.5541
v  -1.6193 -4.4038 -8.4891
v  -1.5946 -4.0501 -7.9366
v  -1.6938 -3.9166 -7.9348
v  -1.7874 -3.8651 -7.9531
v  -1.8995 -3.8457 -7.9519
v  -2.0452 -3.9131 -7.9398
v  -2.1403 -4.0375 -7.9508
v  -2.1535 -4.0869 -7.9638
v  -2.0617 -4.4366 -8.1344
v  -1.6097 -4.4063 -8.1248
v  -1.5528 -4.2011 -7.9918
v  0.4526 -4.5265 -7.9798
v  0.0543 -4.4484 -8.0461
v  0.2831 -4.4740 -7.7533
v  0.1416 -4.4133 -7.6941
v  0.0684 -4.4038 -7.7591
v  0.0437 -4.0502 -8.3115
v  0.1429 -3.9166 -8.3134
v  0.2366 -3.8651 -8.2951
v  0.3486 -3.8457 -8.2962
v  0.4943 -3.9131 -8.3084
v  0.5895 -4.0375 -8.2973
v  0.6027 -4.0871 -8.2843
v  0.5903 -4.3519 -8.1604
v  0.5109 -4.4365 -8.1138
v  0.0588 -4.4064 -8.1233
v  0.0019 -4.2011 -8.2563
v  -1.9430 -4.4939 -8.2647
v  -1.8557 -4.4660 -8.3833
v  -1.7403 -4.4133 -8.4326
v  -1.6751 -4.4050 -8.3953
v  -1.5950 -4.1827 -8.0083
v  -1.6312 -4.0502 -7.9679
v  -1.6310 -4.0507 -7.9679
v  -1.7845 -3.9029 -7.9854
v  -1.7263 -3.9324 -7.9677
v  -1.8744 -4.4495 -8.1501
v  -1.6609 -4.3716 -8.1184
v  -1.6510 -4.4240 -8.2052
v  -1.6155 -4.3188 -8.0842
v  0.3921 -4.4939 -7.9834
v  0.3048 -4.4660 -7.8649
v  0.1895 -4.4133 -7.8155
v  0.1242 -4.4050 -7.8528
v  0.0441 -4.1827 -8.2399
v  0.0804 -4.0502 -8.2802
v  0.0801 -4.0507 -8.2802
v  0.2337 -3.9029 -8.2628
v  0.1754 -3.9324 -8.2805
v  0.3235 -4.4495 -8.0981
v  0.1100 -4.3717 -8.1297
v  0.1001 -4.4240 -8.0430
v  0.0944 -4.4264 -8.0340
v  0.0944 -4.4264 -8.0339
v  0.0646 -4.3188 -8.1639
v  -2.1492 -4.1204 -7.9856
v  -2.1670 -4.2190 -8.0173
v  0.5984 -4.1205 -8.2625
v  0.6162 -4.2190 -8.2309
v  -1.6312 -4.0502 -7.9679
v  0.0804 -4.0502 -8.2802
v  -1.8446 -8.3945 -8.6689
v  -1.3202 -8.3565 -9.1933
v  -0.7754 -8.3279 -9.3241
v  0.1954 -8.2709 -8.8294
v  0.3658 -8.2138 -7.7532
v  -0.4046 -8.1567 -6.9828
v  -1.7463 -8.0806 -7.4187
v  -1.9754 -8.0444 -8.1241
v  -1.7463 -8.0063 -8.8294
v  -1.1463 -7.9683 -9.2653
v  -0.4046 -7.9302 -9.2653
v  -0.0701 -7.9112 -9.0949
v  0.3658 -7.8732 -8.4949
v  0.4246 -7.8541 -8.1241
v  0.1954 -7.8161 -7.4187
v  -0.0701 -7.7971 -7.1532
v  -0.4046 -7.7780 -6.9828
v  -0.7754 -7.7590 -6.9241
v  -1.1463 -7.7400 -6.9828
v  -1.4808 -7.7210 -7.1532
v  -1.7463 -7.7019 -7.4187
v  -1.9607 -7.6033 -7.9363
v  -1.8446 -7.6353 -8.6689
v  -0.4046 -7.5497 -9.2653
v  0.4098 -7.4641 -7.9363
v  -0.7754 -7.3785 -6.9241
v  -1.7463 -7.3214 -7.4187
v  -1.4808 -7.2263 -9.0949
v  0.3658 -7.1121 -8.4949
v  -0.7754 -6.9980 -6.9241
v  -1.9167 -6.9219 -7.7532
v  -1.9369 -6.7396 -7.8374
v  -1.9607 -8.1691 -8.3118
v  -1.1463 -8.0384 -9.2653
v  -0.0701 -7.9813 -9.0949
v  0.4246 -7.9242 -8.1241
v  -0.0701 -7.8672 -7.1532
v  -0.7754 -7.8291 -6.9241
v  -1.4808 -7.7911 -7.1532
v  -1.7463 -7.7720 -7.4187
v  -1.9754 -7.7340 -8.1241
v  -1.7463 -6.5081 -8.8294
v  -1.6240 -6.9254 -8.9726
v  -0.5877 -6.8683 -9.3093
v  0.1954 -6.8208 -8.8294
v  0.4246 -6.7827 -8.1241
v  -0.4046 -6.7066 -6.9828
v  -1.1463 -6.6686 -6.9828
v  -1.6240 -6.6400 -7.2755
v  -1.8446 -6.6611 -7.5793
v  -1.9167 -6.5081 -7.7532
v  -1.9675 -8.2592 -8.2255
v  -1.8676 -8.1966 -8.9176
v  -1.3883 -8.1680 -9.3269
v  -0.7754 -8.1395 -9.4741
v  -0.1626 -8.1110 -9.3269
v  0.3167 -8.0824 -8.9176
v  0.5579 -8.0539 -8.3352
v  0.5085 -8.0254 -7.7069
v  0.1792 -7.9968 -7.1695
v  -0.3583 -7.9683 -6.8401
v  -1.1926 -7.9302 -6.8401
v  -1.8676 -7.8922 -7.3306
v  -2.1254 -7.8541 -8.1241
v  -1.9783 -7.8256 -8.7370
v  -1.5689 -7.7971 -9.2162
v  -0.9866 -7.7685 -9.4574
v  -0.3583 -7.7400 -9.4080
v  0.1792 -7.7114 -9.0787
v  0.5085 -7.6829 -8.5412
v  0.5579 -7.6544 -7.9129
v  0.3167 -7.6258 -7.3306
v  -0.1626 -7.5973 -6.9212
v  -0.7754 -7.5688 -6.7741
v  -1.3883 -7.5402 -6.9212
v  -1.8676 -7.5117 -7.3306
v  -2.1088 -7.4831 -7.9129
v  -2.0594 -7.4546 -8.5412
v  -1.7300 -7.4261 -9.0787
v  -1.1926 -7.3975 -9.4080
v  -0.5643 -7.3690 -9.4574
v  0.0181 -7.3405 -9.2162
v  0.4274 -7.3119 -8.7369
v  0.5746 -7.2834 -8.1241
v  0.4274 -7.2548 -7.5112
v  -0.5643 -7.1978 -6.7907
v  -1.1926 -7.1692 -6.8401
v  -1.7300 -7.1407 -7.1695
v  -2.0594 -7.1121 -7.7069
v  -1.7300 -7.0456 -9.0787
v  -1.1926 -7.0170 -9.4080
v  -0.5643 -6.9885 -9.4574
v  0.0181 -6.9599 -9.2162
v  0.4274 -6.9314 -8.7369
v  0.5746 -6.9029 -8.1241
v  0.4274 -6.8743 -7.5112
v  0.0181 -6.8458 -7.0319
v  -0.5643 -6.8173 -6.7907
v  -1.1926 -6.7887 -6.8401
v  -1.7300 -6.7602 -7.1695
v  -1.9983 -6.7406 -7.6958
v  -2.0184 -8.2251 -8.3468
v  -1.9714 -6.4918 -8.5127
v  -0.7754 -6.4918 -9.3816
v  0.1137 -6.4918 -9.0132
v  0.4821 -6.4918 -8.1241
v  -1.1640 -6.4918 -6.9281
v  -1.5146 -6.4918 -7.1067
v  -1.6646 -6.4918 -7.2349
v  -1.8959 -6.4918 -7.5532
v  -1.9714 -6.4918 -7.7355
v  -1.4808 -8.6476 -9.0949
v  -0.5877 -8.6476 -9.3093
v  0.3658 -8.6476 -8.4949
v  0.1954 -8.6476 -7.4187
v  -0.5877 -8.6476 -6.9388
v  -1.8446 -8.6476 -7.5793
v  -1.9607 -8.6476 -8.3118
v  -0.7754 -9.2518 -8.2119
v  -0.2962 -8.9314 -7.6448
v  -0.6694 -8.9314 -7.4546
v  -0.4934 -8.8484 -7.5705
# 590 vertices

g Helix001
f 4 2 1 5 
f 2 4 3 
f 5 1 81 
f 4 5 6 
f 4 6 3 
f 259 12 8 80 
f 7 5 81 
f 5 7 6 
f 12 259 3 13 
f 9 81 80 8 
f 9 7 81 
f 6 7 10 
f 6 10 3 
f 11 10 7 9 
f 10 11 13 3 
f 18 8 12 17 
f 15 11 9 
f 11 15 14 
f 11 14 13 
f 19 8 18 22 
f 8 19 9 
f 13 17 12 
f 13 14 17 
f 14 15 16 
f 14 16 17 
f 21 16 15 20 
f 20 9 19 25 
f 20 15 9 
f 24 16 21 26 
f 16 24 17 
f 22 18 17 24 
f 23 19 22 27 
f 25 19 23 31 
f 26 21 20 25 
f 28 24 26 
f 27 22 24 
f 31 23 27 
f 29 28 26 
f 32 25 31 38 
f 28 29 30 24 
f 30 27 24 
f 33 25 32 36 
f 25 33 26 
f 35 30 29 34 
f 31 27 30 35 
f 26 33 34 29 
f 36 32 38 
f 38 31 35 37 
f 39 33 36 42 
f 37 35 34 
f 40 33 39 45 
f 33 40 34 
f 43 37 34 40 
f 42 36 38 41 
f 41 38 37 43 
f 45 39 42 46 
f 47 40 45 53 
f 43 44 41 
f 46 42 41 49 
f 44 43 40 48 
f 49 41 44 50 
f 48 40 47 53 
f 53 45 46 51 
f 51 46 49 52 
f 54 48 53 
f 52 49 50 55 
f 55 50 44 
f 55 44 48 54 
f 56 52 55 
f 56 51 52 
f 58 53 51 56 
f 59 54 53 58 
f 61 56 55 60 
f 54 59 55 
f 57 56 61 
f 56 57 58 
f 60 55 59 65 
f 64 59 58 66 
f 62 57 61 
f 57 62 58 
f 63 58 62 68 
f 65 59 64 
f 67 60 65 73 
f 60 67 61 
f 66 58 63 
f 61 67 68 62 
f 69 66 63 
f 66 69 71 
f 66 71 72 64 
f 73 65 64 72 
f 69 63 68 
f 69 70 71 
f 74 67 73 
f 67 74 75 68 
f 70 69 68 75 
f 71 70 77 78 
f 74 76 75 
f 70 75 76 77 
f 72 71 78 79 
f 73 72 79 
f 74 73 79 
f 81 1 352 169 
f 352 1 2 
f 258 2 3 
f 259 258 3 
f 82 168 167 
f 85 83 82 86 
f 83 85 84 
f 86 82 167 
f 85 86 87 
f 85 87 84 
f 351 93 89 
f 88 86 167 
f 86 88 87 
f 93 351 84 94 
f 167 89 90 88 
f 87 88 91 
f 87 91 84 
f 92 91 88 90 
f 91 92 94 84 
f 99 89 93 98 
f 96 92 90 
f 92 96 95 
f 92 95 94 
f 100 89 99 103 
f 89 100 90 
f 94 98 93 
f 94 95 98 
f 95 96 97 
f 95 97 98 
f 102 97 96 101 
f 101 90 100 106 
f 101 96 90 
f 105 97 102 107 
f 97 105 98 
f 103 99 98 105 
f 104 100 103 108 
f 106 100 104 112 
f 107 102 101 106 
f 109 105 107 
f 108 103 105 
f 112 104 108 114 
f 110 109 107 
f 113 106 112 121 
f 109 110 111 105 
f 111 108 105 
f 115 106 113 119 
f 106 115 107 
f 117 111 110 116 
f 114 108 111 118 
f 107 115 116 110 
f 118 111 117 120 
f 121 112 114 
f 119 113 121 
f 121 114 118 122 
f 123 115 119 126 
f 120 117 116 
f 124 115 123 129 
f 115 124 116 
f 118 120 122 
f 126 119 121 128 
f 125 120 116 124 
f 120 125 122 
f 128 121 122 127 
f 129 123 126 
f 127 122 125 
f 130 124 129 133 
f 127 125 124 131 
f 129 126 128 
f 127 132 128 
f 131 124 130 137 
f 133 129 128 136 
f 135 130 133 
f 134 128 132 
f 136 128 134 
f 137 130 135 142 
f 134 132 127 131 
f 131 137 138 134 
f 134 138 139 136 
f 136 139 141 133 
f 133 141 142 135 
f 139 140 141 
f 145 137 142 146 
f 148 139 138 
f 139 148 140 
f 140 143 141 
f 141 144 142 
f 137 145 138 
f 143 140 148 
f 141 143 144 
f 147 138 145 151 
f 142 144 146 
f 148 138 147 154 
f 150 145 146 
f 149 143 148 
f 143 149 144 
f 150 146 144 153 
f 151 145 150 
f 154 147 151 160 
f 144 149 153 
f 149 152 153 
f 148 154 155 149 
f 149 155 152 
f 156 153 152 
f 153 156 158 
f 153 158 159 150 
f 160 151 150 159 
f 156 152 155 
f 156 157 158 
f 161 154 160 
f 154 161 162 155 
f 157 156 155 162 
f 158 157 164 165 
f 161 163 162 
f 157 162 163 164 
f 159 158 165 166 
f 160 159 166 
f 161 160 166 
f 167 351 89 
f 168 82 83 349 
f 349 83 84 350 
f 351 350 84 
f 74 79 164 
f 165 164 79 78 
f 166 165 78 77 
f 161 166 77 
f 163 161 77 76 
f 164 163 76 74 
f 259 80 172 175 
f 169 170 174 173 
f 174 171 175 177 
f 259 175 171 258 
f 172 80 173 
f 80 81 173 
f 169 173 81 
f 175 172 178 179 
f 172 173 181 180 
f 173 174 176 
f 177 176 174 
f 178 172 180 
f 173 176 181 
f 182 181 176 177 
f 177 175 179 184 
f 179 178 183 184 
f 178 180 185 183 
f 182 177 184 
f 180 181 187 186 
f 185 180 186 189 
f 181 182 187 
f 188 187 182 184 
f 185 189 183 
f 189 186 190 
f 187 190 186 
f 187 188 192 191 
f 188 184 193 192 
f 184 183 189 193 
f 190 187 191 197 
f 192 193 196 
f 195 194 189 
f 189 190 197 195 
f 194 196 193 189 
f 191 192 196 
f 196 194 199 
f 194 195 201 200 
f 197 201 195 
f 197 191 198 203 
f 191 196 202 198 
f 196 199 202 
f 199 194 200 204 
f 201 197 203 
f 202 199 204 
f 200 201 208 211 
f 203 198 206 212 
f 202 204 205 207 
f 206 198 207 
f 198 202 207 
f 208 201 209 214 
f 201 203 212 209 
f 210 207 205 204 
f 204 200 211 210 
f 211 208 214 216 
f 212 206 213 218 
f 207 210 215 213 
f 213 206 207 
f 211 215 210 
f 212 214 209 
f 215 211 217 
f 214 212 218 
f 217 211 216 
f 218 213 219 223 
f 216 214 218 220 
f 215 219 213 
f 217 216 220 222 
f 220 218 223 225 
f 219 215 221 224 
f 222 221 215 217 
f 223 219 224 226 
f 222 220 225 227 
f 225 223 226 230 
f 224 221 227 231 
f 222 227 221 
f 226 224 229 
f 229 224 231 236 
f 230 226 228 
f 228 226 229 
f 231 227 232 236 
f 232 227 233 
f 227 225 233 
f 234 233 225 230 
f 230 228 237 235 
f 228 229 236 237 
f 236 232 238 
f 233 234 235 
f 234 230 235 
f 232 233 239 238 
f 237 240 235 
f 233 235 240 239 
f 237 236 241 
f 242 241 236 238 
f 240 237 244 243 
f 237 241 244 
f 245 241 242 
f 242 238 246 245 
f 238 239 246 
f 247 246 239 240 
f 243 247 240 
f 243 244 249 248 
f 244 241 250 249 
f 241 245 251 250 
f 245 246 251 
f 252 251 246 
f 246 247 253 252 
f 247 243 248 253 
f 255 248 249 256 
f 257 251 252 348 
f 253 254 252 
f 254 253 248 255 
f 256 249 250 257 
f 257 250 251 
f 348 252 254 
f 348 254 255 347 
f 258 170 169 352 
f 167 262 351 
f 260 261 264 263 
f 264 350 265 267 
f 351 265 350 
f 262 265 351 
f 262 167 263 
f 260 263 167 
f 265 262 268 269 
f 262 263 271 270 
f 263 264 266 
f 267 266 264 
f 268 262 270 
f 263 266 271 
f 273 271 266 267 
f 267 265 269 272 
f 269 268 274 272 
f 268 270 275 274 
f 273 267 272 
f 270 271 277 276 
f 275 270 276 281 
f 271 273 277 
f 278 277 273 272 
f 275 281 274 
f 281 276 282 
f 277 278 279 283 
f 278 272 280 279 
f 274 280 272 
f 280 274 281 284 
f 282 276 283 288 
f 276 277 283 
f 283 279 287 289 
f 279 280 284 287 
f 286 285 281 
f 281 282 288 286 
f 284 281 285 
f 288 283 289 
f 285 286 292 291 
f 288 292 286 
f 287 284 290 
f 287 290 293 295 
f 284 285 291 290 
f 292 288 294 
f 294 288 289 
f 293 290 291 
f 291 292 297 296 
f 294 289 295 302 
f 289 287 295 
f 297 292 298 305 
f 292 294 298 
f 293 291 296 299 
f 295 293 299 
f 298 294 302 
f 295 299 300 
f 296 297 305 301 
f 300 299 301 
f 299 296 301 
f 302 295 303 310 
f 295 300 303 
f 304 303 300 301 
f 305 298 306 308 
f 298 302 306 
f 305 307 301 
f 303 304 307 
f 304 301 307 
f 306 302 310 313 
f 303 307 309 310 
f 307 305 308 311 
f 308 306 313 312 
f 309 307 311 
f 311 308 312 
f 313 310 314 320 
f 310 309 315 
f 309 311 315 
f 312 313 319 
f 314 310 316 321 
f 317 316 310 315 
f 311 312 319 318 
f 319 313 320 
f 315 311 318 317 
f 320 314 321 326 
f 319 322 318 
f 317 318 322 325 
f 321 316 324 326 
f 317 324 316 
f 322 319 323 327 
f 323 319 320 
f 324 317 325 328 
f 326 323 320 
f 325 322 327 329 
f 327 323 330 331 
f 326 324 328 
f 326 330 323 
f 328 325 329 333 
f 330 326 336 
f 326 328 332 336 
f 332 328 333 337 
f 329 327 331 
f 331 330 335 334 
f 330 336 335 
f 336 332 337 
f 333 329 338 
f 329 331 338 
f 334 338 331 
f 334 335 340 339 
f 335 336 341 340 
f 336 337 342 341 
f 337 333 343 342 
f 333 338 339 343 
f 338 334 339 
f 344 343 339 
f 348 339 340 345 
f 345 340 341 346 
f 346 341 342 
f 346 342 343 347 
f 347 343 344 348 
f 348 344 339 
f 349 260 167 
f 349 261 260 
f 261 349 350 
f 257 348 345 256 
f 256 345 346 
f 347 255 256 346 
f 349 167 168 
f 264 261 350 
f 258 352 2 
f 171 170 258 
f 174 170 171 
f 355 360 353 574 
f 354 564 353 
f 564 354 365 515 
f 358 572 378 375 
f 358 573 572 
f 573 358 355 574 
f 574 353 564 
f 365 575 515 
f 356 371 427 428 
f 428 429 356 
f 432 363 431 
f 363 419 421 
f 355 358 361 
f 371 361 358 
f 425 395 367 
f 434 424 367 
f 355 361 360 
f 361 371 356 
f 363 354 353 366 
f 363 421 357 354 
f 365 354 357 
f 431 363 366 466 
f 366 353 360 
f 468 462 359 
f 434 367 370 
f 370 368 420 433 
f 420 368 423 
f 368 369 423 
f 357 423 369 388 
f 433 434 370 
f 395 371 358 
f 371 395 425 426 
f 426 427 371 
f 372 448 457 
f 372 362 459 448 
f 448 459 451 450 
f 357 422 423 
f 357 421 422 
f 364 365 357 
f 575 365 382 576 
f 376 576 377 578 
f 382 377 576 
f 377 382 373 579 
f 377 579 578 
f 373 571 579 
f 571 373 374 510 
f 374 378 510 
f 378 374 375 
f 378 572 510 
f 412 380 379 392 
f 412 413 380 
f 413 414 380 
f 416 387 381 
f 387 404 406 
f 364 382 365 
f 382 364 379 385 
f 410 364 389 
f 418 409 389 
f 382 385 384 373 
f 385 379 380 
f 373 381 387 374 
f 387 406 394 374 
f 394 375 374 
f 375 395 358 
f 395 375 394 
f 373 464 381 
f 373 384 464 
f 467 447 383 
f 364 357 388 389 
f 405 390 408 
f 390 391 408 
f 394 408 391 395 
f 391 367 395 
f 417 418 389 390 
f 405 417 390 
f 379 364 392 
f 392 364 410 411 
f 412 392 411 
f 393 435 444 
f 393 386 446 435 
f 435 446 438 437 
f 394 407 408 
f 394 406 407 
f 401 396 367 391 
f 370 367 396 403 
f 368 370 397 398 
f 369 368 398 
f 369 398 388 
f 397 370 403 400 
f 398 399 388 
f 389 388 399 402 
f 400 401 390 
f 391 390 401 
f 390 389 402 
f 400 390 402 
f 396 401 400 
f 399 400 402 
f 398 400 399 
f 397 400 398 
f 396 400 403 
f 383 442 443 
f 359 455 456 
f 467 383 443 
f 386 383 447 445 
f 447 467 439 
f 468 359 456 
f 362 359 462 458 
f 462 468 452 
f 464 384 415 463 
f 466 366 360 430 
f 466 430 465 
f 432 419 363 
f 425 367 424 
f 459 362 458 
f 416 404 387 
f 410 389 409 
f 446 386 445 
f 437 436 435 
f 450 449 448 
f 384 385 380 415 
f 380 414 415 
f 360 361 356 430 
f 356 429 430 
f 476 477 501 520 
f 502 477 478 
f 479 502 478 
f 503 479 480 
f 481 503 480 
f 504 481 482 
f 483 504 482 
f 505 483 484 
f 485 505 484 
f 485 486 506 
f 486 487 506 
f 487 488 507 
f 508 507 488 489 
f 489 490 508 
f 509 508 490 491 
f 511 499 510 572 
f 512 511 572 573 
f 513 512 573 574 
f 514 513 574 564 
f 516 515 575 577 
f 517 516 577 
f 518 517 577 519 
f 499 518 519 510 
f 518 499 500 
f 520 586 476 
f 521 470 469 
f 470 521 522 
f 470 522 523 471 
f 471 523 524 472 
f 472 524 525 
f 472 525 526 
f 527 473 526 
f 473 527 528 474 
f 474 528 529 
f 474 529 530 475 
f 475 530 531 
f 475 531 532 476 
f 476 532 533 477 
f 477 533 534 478 
f 478 534 535 479 
f 479 535 536 480 
f 480 536 537 481 
f 481 537 538 482 
f 482 538 539 483 
f 483 539 540 484 
f 484 540 541 485 
f 485 541 542 486 
f 542 487 486 
f 487 542 543 488 
f 488 543 544 489 
f 544 490 489 
f 490 544 545 491 
f 491 545 546 
f 491 546 547 492 
f 492 547 548 
f 492 548 549 
f 492 549 550 493 
f 493 550 551 
f 493 551 552 
f 493 552 553 494 
f 494 553 554 
f 494 554 555 495 
f 495 555 556 
f 495 556 557 496 
f 496 557 558 
f 496 558 559 
f 496 559 560 497 
f 497 560 561 
f 497 561 562 
f 497 562 563 
f 497 563 564 498 
f 498 564 565 
f 498 565 566 
f 498 566 567 
f 498 567 568 499 
f 499 568 569 
f 499 569 500 
f 501 521 570 
f 521 501 477 522 
f 522 477 502 
f 479 523 522 502 
f 479 524 523 
f 524 479 503 
f 481 525 524 503 
f 481 526 525 
f 526 481 504 
f 483 527 526 504 
f 483 528 527 
f 528 483 505 
f 485 529 528 505 
f 529 485 506 530 
f 530 506 487 
f 530 487 507 531 
f 531 507 508 
f 509 532 531 508 
f 491 533 532 509 
f 491 534 533 
f 534 491 492 535 
f 492 536 535 
f 492 537 536 
f 537 492 493 538 
f 493 539 538 
f 493 540 539 
f 540 493 494 541 
f 494 542 541 
f 494 543 542 
f 543 494 495 544 
f 495 545 544 
f 496 546 545 495 
f 496 547 546 
f 496 548 547 
f 496 549 548 
f 497 550 549 496 
f 497 551 550 
f 497 552 551 
f 497 553 552 
f 553 497 498 554 
f 498 555 554 
f 498 556 555 
f 556 498 499 557 
f 557 499 511 558 
f 511 559 558 
f 559 511 512 560 
f 512 561 560 
f 561 512 513 562 
f 514 563 562 513 
f 514 564 563 
f 565 564 515 566 
f 516 567 566 515 
f 517 568 567 516 
f 568 517 518 
f 569 568 518 
f 500 569 518 
f 570 521 469 
f 501 570 520 
f 520 570 469 
f 579 571 510 519 
f 575 576 577 
f 577 578 519 
f 578 579 519 
f 578 577 376 
f 580 586 469 470 
f 470 471 580 
f 581 580 471 472 
f 582 581 472 526 
f 526 473 582 
f 583 582 473 474 
f 584 583 474 475 
f 585 584 475 476 
f 586 585 476 
f 587 586 580 581 
f 582 587 581 
f 582 583 588 590 
f 589 588 583 584 
f 585 589 584 
f 582 590 587 
f 590 585 587 
f 585 586 587 
f 590 588 589 585 
f 520 469 586 
f 576 376 577 
# 345 polygons - 408 triangles

